1,1995,1471,643,74,202,1,-1,-1,-1
1,1994,761,691,72,205,1,-1,-1,-1
1,1993,1654,831,95,248,1,-1,-1,-1
1,1992,411,790,85,273,1,-1,-1,-1
1,1991,668,684,96,216,1,-1,-1,-1
1,1990,196,816,115,263,1,-1,-1,-1
1,1989,344,816,109,264,1,-1,-1,-1
2,1995,1470,644,71,198,1,-1,-1,-1
2,1993,1652,831,99,248,1,-1,-1,-1
2,1992,412,788,84,273,1,-1,-1,-1
2,1991,669,685,94,215,1,-1,-1,-1
2,1990,198,815,116,264,1,-1,-1,-1
2,1989,347,817,109,262,1,-1,-1,-1
3,1996,1580,677,97,229,1,-1,-1,-1
3,1995,1470,644,68,197,1,-1,-1,-1
3,1994,757,692,74,206,1,-1,-1,-1
3,1993,1654,833,100,247,1,-1,-1,-1
3,1992,413,788,84,271,1,-1,-1,-1
3,1991,666,686,94,216,1,-1,-1,-1
3,1990,200,814,116,265,1,-1,-1,-1
3,1989,351,815,107,262,1,-1,-1,-1
4,1996,1581,679,94,226,1,-1,-1,-1
4,1994,757,692,76,207,1,-1,-1,-1
4,1993,1654,834,104,247,1,-1,-1,-1
4,1992,415,786,81,269,1,-1,-1,-1
4,1991,665,687,94,215,1,-1,-1,-1
4,1990,204,813,116,267,1,-1,-1,-1
4,1989,355,813,105,263,1,-1,-1,-1
5,1995,1468,646,60,187,1,-1,-1,-1
5,1994,754,693,77,208,1,-1,-1,-1
5,1993,1656,836,105,245,1,-1,-1,-1
5,1992,415,782,82,273,1,-1,-1,-1
5,1991,664,687,94,215,1,-1,-1,-1
5,1990,205,813,117,266,1,-1,-1,-1
5,1989,357,813,104,262,1,-1,-1,-1
6,1994,754,696,78,206,1,-1,-1,-1
6,1993,1659,837,105,243,1,-1,-1,-1
6,1992,417,781,83,277,1,-1,-1,-1
6,1991,663,689,93,212,1,-1,-1,-1
6,1990,207,813,117,267,1,-1,-1,-1
6,1989,360,813,102,262,1,-1,-1,-1
7,1994,753,698,77,205,1,-1,-1,-1
7,1993,1662,836,105,244,1,-1,-1,-1
7,1992,419,783,82,278,1,-1,-1,-1
7,1991,665,690,91,212,1,-1,-1,-1
7,1990,211,813,118,267,1,-1,-1,-1
7,1989,365,814,99,261,1,-1,-1,-1
8,1996,1578,678,80,213,1,-1,-1,-1
8,1994,754,699,79,207,1,-1,-1,-1
8,1993,1666,835,105,244,1,-1,-1,-1
8,1992,424,782,79,276,1,-1,-1,-1
8,1991,667,690,90,214,1,-1,-1,-1
8,1990,216,813,118,267,1,-1,-1,-1
8,1989,370,818,97,259,1,-1,-1,-1
9,1996,1574,680,72,213,1,-1,-1,-1
9,1995,1455,643,61,191,1,-1,-1,-1
9,1994,753,701,82,208,1,-1,-1,-1
9,1993,1671,834,104,244,1,-1,-1,-1
9,1992,425,780,78,269,1,-1,-1,-1
9,1991,667,691,88,213,1,-1,-1,-1
9,1990,218,814,118,266,1,-1,-1,-1
9,1989,373,820,98,258,1,-1,-1,-1
10,1996,1571,680,68,215,1,-1,-1,-1
10,1995,1452,642,62,195,1,-1,-1,-1
10,1994,752,705,80,206,1,-1,-1,-1
10,1993,1678,835,101,243,1,-1,-1,-1
10,1991,667,694,88,214,1,-1,-1,-1
10,1990,223,814,117,266,1,-1,-1,-1
10,1989,375,821,99,258,1,-1,-1,-1
11,1996,1567,679,68,217,1,-1,-1,-1
11,1995,1447,639,66,200,1,-1,-1,-1
11,1994,753,708,82,207,1,-1,-1,-1
11,1993,1683,837,99,241,1,-1,-1,-1
11,1992,434,783,78,268,1,-1,-1,-1
11,1991,668,696,87,214,1,-1,-1,-1
11,1990,228,814,117,266,1,-1,-1,-1
11,1989,379,821,97,258,1,-1,-1,-1
12,1996,1559,677,70,220,1,-1,-1,-1
12,1995,1440,638,70,204,1,-1,-1,-1
12,1994,751,710,84,208,1,-1,-1,-1
12,1993,1695,839,94,239,1,-1,-1,-1
12,1992,436,786,78,269,1,-1,-1,-1
12,1991,668,699,85,215,1,-1,-1,-1
12,1990,230,813,117,266,1,-1,-1,-1
12,1989,381,820,98,258,1,-1,-1,-1
13,1998,1615,670,63,216,1,-1,-1,-1
13,1996,1551,675,72,221,1,-1,-1,-1
13,1994,750,712,84,208,1,-1,-1,-1
13,1993,1706,840,89,236,1,-1,-1,-1
13,1991,667,702,85,214,1,-1,-1,-1
13,1990,233,812,117,267,1,-1,-1,-1
13,1989,382,818,98,259,1,-1,-1,-1
14,1998,1613,671,62,215,1,-1,-1,-1
14,1996,1544,674,75,221,1,-1,-1,-1
14,1994,750,712,83,208,1,-1,-1,-1
14,1993,1714,839,88,237,1,-1,-1,-1
14,1991,667,705,85,215,1,-1,-1,-1
14,1990,237,810,117,268,1,-1,-1,-1
14,1989,387,816,98,261,1,-1,-1,-1
15,1996,1535,675,81,225,1,-1,-1,-1
15,1994,750,713,82,208,1,-1,-1,-1
15,1993,1719,838,89,238,1,-1,-1,-1
15,1991,668,707,85,216,1,-1,-1,-1
15,1990,240,809,118,270,1,-1,-1,-1
15,1989,389,813,99,263,1,-1,-1,-1
16,1998,1604,669,67,222,1,-1,-1,-1
16,1996,1531,675,82,227,1,-1,-1,-1
16,1994,752,714,82,208,1,-1,-1,-1
16,1993,1722,838,91,239,1,-1,-1,-1
16,1991,669,710,84,216,1,-1,-1,-1
16,1990,243,809,118,270,1,-1,-1,-1
16,1989,391,812,98,264,1,-1,-1,-1
17,1995,1419,641,78,207,1,-1,-1,-1
17,1991,669,711,84,216,1,-1,-1,-1
17,1990,245,808,119,270,1,-1,-1,-1
17,1989,392,809,98,267,1,-1,-1,-1
18,1995,1416,642,80,205,1,-1,-1,-1
18,1991,668,712,87,217,1,-1,-1,-1
18,1990,248,807,118,271,1,-1,-1,-1
18,1989,393,808,99,268,1,-1,-1,-1
19,1995,1415,643,81,204,1,-1,-1,-1
19,1991,666,713,89,217,1,-1,-1,-1
19,1990,251,808,119,270,1,-1,-1,-1
19,1989,394,806,102,271,1,-1,-1,-1
20,1993,1730,838,96,240,1,-1,-1,-1
20,1992,462,782,75,262,1,-1,-1,-1
20,1991,667,714,90,218,1,-1,-1,-1
20,1990,254,808,118,270,1,-1,-1,-1
20,1989,394,804,103,273,1,-1,-1,-1
21,1995,1412,641,78,204,1,-1,-1,-1
21,1992,464,781,73,260,1,-1,-1,-1
21,1991,667,714,91,220,1,-1,-1,-1
21,1990,255,808,119,270,1,-1,-1,-1
21,1989,395,803,105,274,1,-1,-1,-1
22,1992,465,781,72,261,1,-1,-1,-1
22,1991,665,716,93,221,1,-1,-1,-1
22,1990,257,809,120,269,1,-1,-1,-1
22,1989,396,804,106,274,1,-1,-1,-1
23,1996,1519,675,78,222,1,-1,-1,-1
23,1995,1407,644,73,202,1,-1,-1,-1
23,1992,467,784,74,262,1,-1,-1,-1
23,1991,663,718,95,222,1,-1,-1,-1
23,1990,259,810,119,269,1,-1,-1,-1
23,1989,397,806,106,273,1,-1,-1,-1
24,1996,1515,675,81,223,1,-1,-1,-1
24,1995,1404,648,68,199,1,-1,-1,-1
24,1994,757,735,82,210,1,-1,-1,-1
24,1991,662,721,96,221,1,-1,-1,-1
24,1990,260,811,120,268,1,-1,-1,-1
24,1989,397,807,107,273,1,-1,-1,-1
25,2000,1011,637,66,209,1,-1,-1,-1
25,1991,661,724,97,223,1,-1,-1,-1
25,1990,262,811,120,268,1,-1,-1,-1
25,1989,398,809,107,271,1,-1,-1,-1
26,2000,1012,639,69,210,1,-1,-1,-1
26,1994,755,738,82,211,1,-1,-1,-1
26,1991,660,726,98,224,1,-1,-1,-1
26,1990,265,810,120,269,1,-1,-1,-1
26,1989,399,810,107,270,1,-1,-1,-1
27,1994,755,739,79,211,1,-1,-1,-1
27,1992,467,787,74,262,1,-1,-1,-1
27,1991,660,730,98,227,1,-1,-1,-1
27,1990,268,809,120,270,1,-1,-1,-1
27,1989,400,811,107,269,1,-1,-1,-1
28,2000,1019,645,71,211,1,-1,-1,-1
28,1992,468,786,74,263,1,-1,-1,-1
28,1991,660,733,99,227,1,-1,-1,-1
28,1990,271,808,121,271,1,-1,-1,-1
28,1989,404,812,105,268,1,-1,-1,-1
29,2000,1023,648,72,210,1,-1,-1,-1
29,1994,754,743,78,211,1,-1,-1,-1
29,1992,469,785,73,263,1,-1,-1,-1
29,1991,660,735,98,227,1,-1,-1,-1
29,1990,274,808,120,271,1,-1,-1,-1
29,1989,407,811,104,268,1,-1,-1,-1
30,2000,1026,651,74,211,1,-1,-1,-1
30,1994,753,745,77,212,1,-1,-1,-1
30,1992,470,785,74,263,1,-1,-1,-1
30,1991,660,737,97,227,1,-1,-1,-1
30,1990,277,808,121,271,1,-1,-1,-1
30,1989,410,811,103,267,1,-1,-1,-1
31,1992,473,784,73,261,1,-1,-1,-1
31,1991,660,739,97,228,1,-1,-1,-1
31,1990,279,808,122,271,1,-1,-1,-1
31,1989,413,811,102,267,1,-1,-1,-1
32,2000,1029,658,72,211,1,-1,-1,-1
32,1992,475,785,73,260,1,-1,-1,-1
32,1991,661,741,97,227,1,-1,-1,-1
32,1990,283,810,121,269,1,-1,-1,-1
32,1989,415,810,102,268,1,-1,-1,-1
33,1992,477,786,73,256,1,-1,-1,-1
33,1991,661,742,96,228,1,-1,-1,-1
33,1990,287,812,120,268,1,-1,-1,-1
33,1989,418,811,101,267,1,-1,-1,-1
34,1995,1373,663,75,199,1,-1,-1,-1
34,1994,751,759,79,213,1,-1,-1,-1
34,1992,480,787,75,253,1,-1,-1,-1
34,1991,662,743,95,229,1,-1,-1,-1
34,1990,292,813,119,267,1,-1,-1,-1
34,1989,421,811,101,267,1,-1,-1,-1
35,1994,751,761,77,215,1,-1,-1,-1
35,1992,482,788,76,252,1,-1,-1,-1
35,1991,662,746,95,229,1,-1,-1,-1
35,1990,297,816,118,265,1,-1,-1,-1
35,1989,423,812,100,267,1,-1,-1,-1
36,1996,1484,680,88,224,1,-1,-1,-1
36,1994,752,764,75,214,1,-1,-1,-1
36,1992,485,789,76,250,1,-1,-1,-1
36,1991,663,747,95,229,1,-1,-1,-1
36,1990,302,816,117,264,1,-1,-1,-1
36,1989,425,812,99,267,1,-1,-1,-1
37,1994,751,765,76,215,1,-1,-1,-1
37,1992,487,789,77,247,1,-1,-1,-1
37,1991,664,750,94,228,1,-1,-1,-1
37,1990,308,816,116,264,1,-1,-1,-1
37,1989,428,813,98,266,1,-1,-1,-1
38,1994,753,767,76,215,1,-1,-1,-1
38,1991,665,753,94,229,1,-1,-1,-1
38,1990,313,815,114,264,1,-1,-1,-1
38,1989,430,814,97,265,1,-1,-1,-1
39,1996,1468,683,91,223,1,-1,-1,-1
39,1994,755,768,75,215,1,-1,-1,-1
39,1991,665,755,94,229,1,-1,-1,-1
39,1990,317,815,113,264,1,-1,-1,-1
39,1989,432,814,97,265,1,-1,-1,-1
40,1994,755,769,77,215,1,-1,-1,-1
40,1991,665,758,95,230,1,-1,-1,-1
40,1990,320,813,112,266,1,-1,-1,-1
40,1989,434,815,97,263,1,-1,-1,-1
41,1991,665,761,96,230,1,-1,-1,-1
41,1990,323,813,113,265,1,-1,-1,-1
41,1989,437,815,97,263,1,-1,-1,-1
42,1991,666,764,96,230,1,-1,-1,-1
42,1990,326,813,113,266,1,-1,-1,-1
42,1989,440,815,97,263,1,-1,-1,-1
43,1991,665,767,97,231,1,-1,-1,-1
43,1990,329,812,113,267,1,-1,-1,-1
43,1989,443,815,96,263,1,-1,-1,-1
44,1992,511,795,74,245,1,-1,-1,-1
44,1991,665,768,98,231,1,-1,-1,-1
44,1990,331,812,114,267,1,-1,-1,-1
44,1989,446,816,95,263,1,-1,-1,-1
45,1992,513,793,75,246,1,-1,-1,-1
45,1991,664,768,100,232,1,-1,-1,-1
45,1990,333,812,114,266,1,-1,-1,-1
45,1989,449,816,95,262,1,-1,-1,-1
46,1994,760,784,79,217,1,-1,-1,-1
46,1992,516,792,73,248,1,-1,-1,-1
46,1991,664,769,100,231,1,-1,-1,-1
46,1990,336,811,114,267,1,-1,-1,-1
46,1989,451,816,95,262,1,-1,-1,-1
47,1992,518,791,73,247,1,-1,-1,-1
47,1991,663,771,99,231,1,-1,-1,-1
47,1990,339,812,113,267,1,-1,-1,-1
47,1989,453,814,95,263,1,-1,-1,-1
48,1992,520,790,73,246,1,-1,-1,-1
48,1991,661,772,99,231,1,-1,-1,-1
48,1990,340,813,113,266,1,-1,-1,-1
48,1989,453,812,96,265,1,-1,-1,-1
49,1996,1445,685,82,218,1,-1,-1,-1
49,1992,521,790,74,246,1,-1,-1,-1
49,1991,660,772,99,233,1,-1,-1,-1
49,1990,340,813,113,266,1,-1,-1,-1
49,1989,453,811,97,266,1,-1,-1,-1
50,1992,523,789,74,246,1,-1,-1,-1
50,1991,660,773,99,233,1,-1,-1,-1
50,1990,340,812,113,266,1,-1,-1,-1
50,1989,454,809,98,267,1,-1,-1,-1
51,1992,525,789,74,246,1,-1,-1,-1
51,1991,658,775,100,234,1,-1,-1,-1
51,1990,339,810,114,267,1,-1,-1,-1
51,1989,455,808,98,268,1,-1,-1,-1
52,1992,527,789,73,245,1,-1,-1,-1
52,1991,657,775,99,235,1,-1,-1,-1
52,1990,339,809,114,268,1,-1,-1,-1
52,1989,457,807,98,269,1,-1,-1,-1
53,1992,528,790,74,245,1,-1,-1,-1
53,1991,655,777,99,236,1,-1,-1,-1
53,1990,339,808,116,267,1,-1,-1,-1
53,1989,458,807,98,270,1,-1,-1,-1
54,1992,529,790,73,246,1,-1,-1,-1
54,1991,654,781,99,237,1,-1,-1,-1
54,1990,338,805,117,267,1,-1,-1,-1
54,1989,459,807,98,270,1,-1,-1,-1
55,2002,1115,690,77,212,1,-1,-1,-1
55,1992,530,790,73,247,1,-1,-1,-1
55,1991,654,784,98,237,1,-1,-1,-1
55,1990,339,803,118,268,1,-1,-1,-1
55,1989,460,808,98,270,1,-1,-1,-1
56,2003,1524,836,103,201,1,-1,-1,-1
56,1991,653,784,98,238,1,-1,-1,-1
56,1990,340,802,119,268,1,-1,-1,-1
56,1989,462,808,96,270,1,-1,-1,-1
57,1992,532,787,74,247,1,-1,-1,-1
57,1991,653,785,97,239,1,-1,-1,-1
57,1990,343,801,118,268,1,-1,-1,-1
57,1989,464,808,95,270,1,-1,-1,-1
58,1992,534,785,73,250,1,-1,-1,-1
58,1991,652,784,97,239,1,-1,-1,-1
58,1990,346,801,118,268,1,-1,-1,-1
58,1989,466,807,95,270,1,-1,-1,-1
59,1991,653,784,97,239,1,-1,-1,-1
59,1990,348,802,119,267,1,-1,-1,-1
59,1989,469,806,95,271,1,-1,-1,-1
60,1994,750,803,69,221,1,-1,-1,-1
60,1991,654,784,96,239,1,-1,-1,-1
60,1990,351,801,118,268,1,-1,-1,-1
60,1989,471,806,95,271,1,-1,-1,-1
61,1994,748,804,68,221,1,-1,-1,-1
61,1991,654,785,95,240,1,-1,-1,-1
61,1990,355,802,117,268,1,-1,-1,-1
61,1989,473,804,95,273,1,-1,-1,-1
62,2003,1472,832,96,203,1,-1,-1,-1
62,1991,655,785,95,240,1,-1,-1,-1
62,1990,360,801,116,268,1,-1,-1,-1
62,1989,476,801,95,271,1,-1,-1,-1
63,1991,655,786,93,240,1,-1,-1,-1
63,1990,363,799,115,269,1,-1,-1,-1
63,1989,479,798,94,270,1,-1,-1,-1
64,2003,1450,829,110,210,1,-1,-1,-1
64,1992,554,771,75,235,1,-1,-1,-1
64,1991,656,787,91,240,1,-1,-1,-1
64,1990,366,796,116,269,1,-1,-1,-1
64,1989,481,796,93,270,1,-1,-1,-1
65,2003,1444,829,113,212,1,-1,-1,-1
65,1994,747,803,65,222,1,-1,-1,-1
65,1991,656,789,90,240,1,-1,-1,-1
65,1990,369,792,114,268,1,-1,-1,-1
65,1989,482,793,93,270,1,-1,-1,-1
66,1992,559,775,75,236,1,-1,-1,-1
66,1991,656,791,90,240,1,-1,-1,-1
66,1990,372,789,113,265,1,-1,-1,-1
66,1989,484,792,92,270,1,-1,-1,-1
67,1992,561,775,75,235,1,-1,-1,-1
67,1991,656,794,92,241,1,-1,-1,-1
67,1990,374,787,113,263,1,-1,-1,-1
67,1989,486,792,91,269,1,-1,-1,-1
68,2003,1435,828,102,207,1,-1,-1,-1
68,1992,564,774,74,236,1,-1,-1,-1
68,1991,654,795,93,242,1,-1,-1,-1
68,1990,376,784,112,262,1,-1,-1,-1
68,1989,488,792,91,268,1,-1,-1,-1
69,1992,567,772,74,235,1,-1,-1,-1
69,1991,652,796,94,242,1,-1,-1,-1
69,1990,377,782,112,263,1,-1,-1,-1
69,1989,490,791,90,268,1,-1,-1,-1
70,1992,569,771,74,235,1,-1,-1,-1
70,1991,651,795,95,243,1,-1,-1,-1
70,1990,378,781,112,263,1,-1,-1,-1
70,1989,492,791,90,268,1,-1,-1,-1
71,1992,571,769,73,235,1,-1,-1,-1
71,1991,649,795,96,243,1,-1,-1,-1
71,1990,379,780,113,263,1,-1,-1,-1
71,1989,494,790,91,268,1,-1,-1,-1
72,1992,574,767,72,235,1,-1,-1,-1
72,1991,647,794,96,243,1,-1,-1,-1
72,1990,380,780,113,263,1,-1,-1,-1
72,1989,497,789,90,268,1,-1,-1,-1
73,2004,1673,791,120,233,1,-1,-1,-1
73,1992,574,765,72,237,1,-1,-1,-1
73,1991,645,793,97,243,1,-1,-1,-1
73,1990,381,779,114,263,1,-1,-1,-1
73,1989,499,787,89,269,1,-1,-1,-1
74,1992,578,761,72,236,1,-1,-1,-1
74,1991,644,792,97,244,1,-1,-1,-1
74,1990,381,778,114,262,1,-1,-1,-1
74,1989,501,784,89,269,1,-1,-1,-1
75,2004,1665,790,120,229,1,-1,-1,-1
75,1992,579,759,71,234,1,-1,-1,-1
75,1991,642,793,97,244,1,-1,-1,-1
75,1990,381,777,114,263,1,-1,-1,-1
75,1989,502,780,88,269,1,-1,-1,-1
76,2004,1662,791,114,224,1,-1,-1,-1
76,1992,582,757,70,232,1,-1,-1,-1
76,1991,643,792,96,244,1,-1,-1,-1
76,1990,380,775,115,263,1,-1,-1,-1
76,1989,505,777,86,267,1,-1,-1,-1
77,2004,1657,792,107,219,1,-1,-1,-1
77,1992,583,756,69,231,1,-1,-1,-1
77,1991,642,792,94,244,1,-1,-1,-1
77,1990,380,774,115,262,1,-1,-1,-1
77,1989,505,772,87,266,1,-1,-1,-1
78,2004,1650,792,100,215,1,-1,-1,-1
78,1992,584,755,69,229,1,-1,-1,-1
78,1991,641,793,92,244,1,-1,-1,-1
78,1990,380,771,115,262,1,-1,-1,-1
78,1989,505,769,88,264,1,-1,-1,-1
79,1992,586,755,68,228,1,-1,-1,-1
79,1991,639,796,91,244,1,-1,-1,-1
79,1990,380,766,115,260,1,-1,-1,-1
79,1989,505,767,89,264,1,-1,-1,-1
80,1994,723,807,76,231,1,-1,-1,-1
80,1992,586,753,68,228,1,-1,-1,-1
80,1991,637,798,90,245,1,-1,-1,-1
80,1990,381,762,114,259,1,-1,-1,-1
80,1989,506,765,88,264,1,-1,-1,-1
81,2004,1631,790,84,205,1,-1,-1,-1
81,1994,722,808,79,232,1,-1,-1,-1
81,1992,587,751,68,228,1,-1,-1,-1
81,1991,633,799,91,246,1,-1,-1,-1
81,1990,381,760,115,258,1,-1,-1,-1
81,1989,506,763,89,265,1,-1,-1,-1
82,2005,1407,698,80,209,1,-1,-1,-1
82,2004,1625,787,80,209,1,-1,-1,-1
82,1994,722,807,81,234,1,-1,-1,-1
82,1992,588,749,68,228,1,-1,-1,-1
82,1991,628,800,93,246,1,-1,-1,-1
82,1990,383,758,114,258,1,-1,-1,-1
82,1989,507,762,89,265,1,-1,-1,-1
83,2004,1612,784,83,214,1,-1,-1,-1
83,1994,721,807,83,234,1,-1,-1,-1
83,1992,591,747,66,228,1,-1,-1,-1
83,1991,627,798,93,247,1,-1,-1,-1
83,1990,383,756,114,258,1,-1,-1,-1
83,1989,507,760,90,266,1,-1,-1,-1
84,2005,1408,698,77,209,1,-1,-1,-1
84,2004,1598,783,92,219,1,-1,-1,-1
84,2003,1307,815,82,203,1,-1,-1,-1
84,1994,721,806,84,235,1,-1,-1,-1
84,1992,593,744,66,226,1,-1,-1,-1
84,1991,629,797,91,247,1,-1,-1,-1
84,1990,386,755,113,258,1,-1,-1,-1
84,1989,508,760,90,266,1,-1,-1,-1
85,2005,1408,698,75,211,1,-1,-1,-1
85,2004,1586,782,102,223,1,-1,-1,-1
85,1994,722,806,84,235,1,-1,-1,-1
85,1991,628,797,90,247,1,-1,-1,-1
85,1990,387,753,113,258,1,-1,-1,-1
85,1989,508,759,91,267,1,-1,-1,-1
86,2005,1408,697,73,211,1,-1,-1,-1
86,2004,1577,782,110,224,1,-1,-1,-1
86,1994,721,806,86,234,1,-1,-1,-1
86,1991,626,797,90,247,1,-1,-1,-1
86,1990,390,753,111,257,1,-1,-1,-1
86,1989,509,759,91,266,1,-1,-1,-1
87,2005,1409,697,73,211,1,-1,-1,-1
87,2004,1572,782,115,223,1,-1,-1,-1
87,1994,721,805,86,234,1,-1,-1,-1
87,1991,625,798,89,249,1,-1,-1,-1
87,1990,391,752,111,257,1,-1,-1,-1
87,1989,510,756,90,267,1,-1,-1,-1
88,2005,1410,695,73,211,1,-1,-1,-1
88,1994,720,806,86,235,1,-1,-1,-1
88,1991,626,798,89,251,1,-1,-1,-1
88,1990,396,751,109,256,1,-1,-1,-1
88,1989,511,756,91,267,1,-1,-1,-1
89,2005,1411,695,73,211,1,-1,-1,-1
89,1994,720,808,87,236,1,-1,-1,-1
89,1991,626,797,89,253,1,-1,-1,-1
89,1990,399,749,107,256,1,-1,-1,-1
89,1989,511,754,90,268,1,-1,-1,-1
90,2005,1412,695,73,211,1,-1,-1,-1
90,1994,721,809,93,238,1,-1,-1,-1
90,1991,626,796,89,253,1,-1,-1,-1
90,1990,405,747,103,256,1,-1,-1,-1
90,1989,511,752,90,268,1,-1,-1,-1
91,2005,1413,695,73,212,1,-1,-1,-1
91,1994,721,811,96,239,1,-1,-1,-1
91,1991,625,796,88,252,1,-1,-1,-1
91,1990,407,745,102,256,1,-1,-1,-1
91,1989,511,748,90,266,1,-1,-1,-1
92,2005,1416,696,72,212,1,-1,-1,-1
92,2003,1253,806,83,206,1,-1,-1,-1
92,1994,720,811,99,241,1,-1,-1,-1
92,1991,617,799,93,251,1,-1,-1,-1
92,1990,408,740,102,256,1,-1,-1,-1
92,1989,513,742,90,265,1,-1,-1,-1
93,2005,1417,697,73,212,1,-1,-1,-1
93,1994,718,811,102,242,1,-1,-1,-1
93,1991,612,801,96,253,1,-1,-1,-1
93,1990,409,737,101,254,1,-1,-1,-1
93,1989,513,737,91,264,1,-1,-1,-1
94,2005,1417,696,75,213,1,-1,-1,-1
94,1994,715,810,105,243,1,-1,-1,-1
94,1991,608,802,99,253,1,-1,-1,-1
94,1990,411,735,100,252,1,-1,-1,-1
94,1989,513,735,91,263,1,-1,-1,-1
95,2005,1417,696,76,215,1,-1,-1,-1
95,1994,714,810,107,244,1,-1,-1,-1
95,1991,606,803,101,253,1,-1,-1,-1
95,1990,407,735,103,253,1,-1,-1,-1
95,1989,514,734,91,262,1,-1,-1,-1
96,2005,1415,696,79,217,1,-1,-1,-1
96,1991,602,803,104,253,1,-1,-1,-1
96,1990,405,732,105,253,1,-1,-1,-1
96,1989,514,733,90,263,1,-1,-1,-1
97,2005,1414,696,80,220,1,-1,-1,-1
97,1991,598,801,106,255,1,-1,-1,-1
97,1990,406,730,105,252,1,-1,-1,-1
97,1989,514,732,89,263,1,-1,-1,-1
98,2005,1413,697,83,220,1,-1,-1,-1
98,1991,596,799,107,256,1,-1,-1,-1
98,1990,407,730,105,251,1,-1,-1,-1
98,1989,515,732,88,262,1,-1,-1,-1
99,2005,1415,696,83,220,1,-1,-1,-1
99,1991,593,798,109,256,1,-1,-1,-1
99,1990,406,730,106,250,1,-1,-1,-1
99,1989,515,732,88,262,1,-1,-1,-1
100,2005,1416,694,83,220,1,-1,-1,-1
100,2004,1477,773,126,226,1,-1,-1,-1
100,1991,591,799,110,256,1,-1,-1,-1
100,1990,404,730,108,249,1,-1,-1,-1
100,1989,516,731,89,261,1,-1,-1,-1
101,2005,1418,694,83,221,1,-1,-1,-1
101,2004,1472,772,126,227,1,-1,-1,-1
101,1991,590,800,112,258,1,-1,-1,-1
101,1990,404,729,109,250,1,-1,-1,-1
101,1989,518,731,88,260,1,-1,-1,-1
102,2005,1419,693,83,221,1,-1,-1,-1
102,2004,1469,771,120,225,1,-1,-1,-1
102,1994,707,811,105,247,1,-1,-1,-1
102,1991,588,802,113,257,1,-1,-1,-1
102,1990,402,727,111,250,1,-1,-1,-1
102,1989,519,730,89,259,1,-1,-1,-1
103,2005,1420,692,82,221,1,-1,-1,-1
103,2004,1466,770,114,226,1,-1,-1,-1
103,1994,705,811,107,249,1,-1,-1,-1
103,1991,586,804,114,258,1,-1,-1,-1
103,1990,403,727,111,249,1,-1,-1,-1
103,1989,519,728,89,260,1,-1,-1,-1
104,2004,1462,770,107,224,1,-1,-1,-1
104,1994,701,813,106,248,1,-1,-1,-1
104,1991,583,807,116,259,1,-1,-1,-1
104,1990,404,726,110,250,1,-1,-1,-1
104,1989,519,726,89,261,1,-1,-1,-1
105,2007,1307,699,86,214,1,-1,-1,-1
105,2004,1457,768,99,224,1,-1,-1,-1
105,1994,700,815,105,249,1,-1,-1,-1
105,1991,580,809,117,261,1,-1,-1,-1
105,1990,404,723,110,249,1,-1,-1,-1
105,1989,520,724,89,261,1,-1,-1,-1
106,2007,1306,698,92,222,1,-1,-1,-1
106,2004,1449,767,91,224,1,-1,-1,-1
106,1994,697,816,105,249,1,-1,-1,-1
106,1991,576,809,118,262,1,-1,-1,-1
106,1990,402,720,110,246,1,-1,-1,-1
106,1989,520,721,89,257,1,-1,-1,-1
107,2007,1304,699,94,226,1,-1,-1,-1
107,2004,1442,768,85,224,1,-1,-1,-1
107,1994,695,818,105,248,1,-1,-1,-1
107,1991,573,812,119,262,1,-1,-1,-1
107,1990,398,718,113,246,1,-1,-1,-1
107,1989,519,720,89,254,1,-1,-1,-1
108,2007,1302,701,95,226,1,-1,-1,-1
108,2004,1436,768,81,224,1,-1,-1,-1
108,1994,695,819,105,248,1,-1,-1,-1
108,1991,571,812,118,261,1,-1,-1,-1
108,1990,400,717,111,245,1,-1,-1,-1
108,1989,519,718,90,251,1,-1,-1,-1
109,2007,1301,705,94,224,1,-1,-1,-1
109,2004,1428,764,79,227,1,-1,-1,-1
109,1994,692,820,107,248,1,-1,-1,-1
109,1991,569,812,117,261,1,-1,-1,-1
109,1990,399,717,112,244,1,-1,-1,-1
109,1989,519,717,91,249,1,-1,-1,-1
110,2008,630,707,65,167,1,-1,-1,-1
110,2007,1302,707,94,221,1,-1,-1,-1
110,2004,1416,762,84,230,1,-1,-1,-1
110,1994,691,821,109,247,1,-1,-1,-1
110,1991,568,811,116,261,1,-1,-1,-1
110,1990,401,717,111,244,1,-1,-1,-1
110,1989,521,715,90,248,1,-1,-1,-1
111,2007,1303,703,94,223,1,-1,-1,-1
111,2004,1401,763,91,230,1,-1,-1,-1
111,1994,688,821,107,247,1,-1,-1,-1
111,1991,567,811,116,261,1,-1,-1,-1
111,1990,402,717,111,244,1,-1,-1,-1
111,1989,522,715,90,248,1,-1,-1,-1
112,2007,1305,700,97,226,1,-1,-1,-1
112,2004,1390,762,100,231,1,-1,-1,-1
112,1994,685,821,104,248,1,-1,-1,-1
112,1991,566,810,115,260,1,-1,-1,-1
112,1990,405,716,109,244,1,-1,-1,-1
112,1989,523,714,90,248,1,-1,-1,-1
113,2007,1306,696,101,229,1,-1,-1,-1
113,2004,1382,764,107,230,1,-1,-1,-1
113,1994,685,825,103,249,1,-1,-1,-1
113,1991,566,813,113,261,1,-1,-1,-1
113,1990,406,716,109,243,1,-1,-1,-1
113,1989,525,714,89,247,1,-1,-1,-1
114,2004,1375,764,113,230,1,-1,-1,-1
114,1994,686,826,102,251,1,-1,-1,-1
114,1991,565,815,113,261,1,-1,-1,-1
114,1990,407,716,109,244,1,-1,-1,-1
114,1989,526,711,89,242,1,-1,-1,-1
115,2004,1371,762,117,231,1,-1,-1,-1
115,1994,682,827,103,251,1,-1,-1,-1
115,1991,563,816,113,262,1,-1,-1,-1
115,1990,409,716,108,243,1,-1,-1,-1
115,1989,528,708,88,234,1,-1,-1,-1
116,2004,1367,763,119,230,1,-1,-1,-1
116,1994,679,829,103,250,1,-1,-1,-1
116,1991,562,817,113,262,1,-1,-1,-1
116,1990,410,716,108,243,1,-1,-1,-1
116,1989,530,706,86,224,1,-1,-1,-1
117,2004,1361,763,115,230,1,-1,-1,-1
117,1994,676,829,105,251,1,-1,-1,-1
117,1991,561,819,112,261,1,-1,-1,-1
117,1990,411,715,107,244,1,-1,-1,-1
117,1989,531,706,85,216,1,-1,-1,-1
118,2004,1355,762,109,230,1,-1,-1,-1
118,1994,674,830,106,251,1,-1,-1,-1
118,1991,561,820,111,260,1,-1,-1,-1
118,1990,413,713,106,244,1,-1,-1,-1
119,2008,645,705,68,188,1,-1,-1,-1
119,2004,1350,761,99,230,1,-1,-1,-1
119,1994,673,830,107,251,1,-1,-1,-1
119,1991,560,821,112,259,1,-1,-1,-1
119,1990,414,710,107,242,1,-1,-1,-1
120,1994,672,831,108,250,1,-1,-1,-1
120,1991,560,821,113,259,1,-1,-1,-1
120,1990,415,707,107,241,1,-1,-1,-1
121,2009,1212,698,83,245,1,-1,-1,-1
121,1994,671,831,108,249,1,-1,-1,-1
121,1991,559,822,114,258,1,-1,-1,-1
121,1990,416,705,107,240,1,-1,-1,-1
121,1989,540,701,84,202,1,-1,-1,-1
122,2009,1213,700,81,242,1,-1,-1,-1
122,1991,558,823,113,257,1,-1,-1,-1
122,1990,417,704,107,239,1,-1,-1,-1
122,1989,543,704,83,201,1,-1,-1,-1
123,2004,1321,764,93,230,1,-1,-1,-1
123,1991,557,823,113,257,1,-1,-1,-1
123,1990,418,703,107,239,1,-1,-1,-1
123,1989,545,703,83,199,1,-1,-1,-1
124,2008,653,697,70,202,1,-1,-1,-1
124,2004,1309,766,96,230,1,-1,-1,-1
124,1991,556,824,112,256,1,-1,-1,-1
124,1990,418,703,106,239,1,-1,-1,-1
125,2008,655,694,68,204,1,-1,-1,-1
125,1991,554,824,112,255,1,-1,-1,-1
125,1990,417,703,106,237,1,-1,-1,-1
126,2008,656,692,68,206,1,-1,-1,-1
126,1991,552,825,112,254,1,-1,-1,-1
126,1990,417,704,105,235,1,-1,-1,-1
126,1989,547,700,82,196,1,-1,-1,-1
127,2008,657,690,69,206,1,-1,-1,-1
127,2004,1285,759,103,236,1,-1,-1,-1
127,1994,653,840,100,243,1,-1,-1,-1
127,1991,549,826,112,253,1,-1,-1,-1
127,1990,417,705,104,235,1,-1,-1,-1
127,1989,547,700,80,193,1,-1,-1,-1
128,2010,1401,706,82,224,1,-1,-1,-1
128,2004,1280,756,106,239,1,-1,-1,-1
128,1991,546,827,112,252,1,-1,-1,-1
128,1990,415,703,104,234,1,-1,-1,-1
129,2010,1403,707,81,219,1,-1,-1,-1
129,2004,1275,760,106,237,1,-1,-1,-1
129,1991,543,829,113,251,1,-1,-1,-1
129,1990,414,702,105,235,1,-1,-1,-1
130,2010,1403,706,80,216,1,-1,-1,-1
130,2008,657,688,69,204,1,-1,-1,-1
130,2004,1271,761,103,237,1,-1,-1,-1
130,1991,539,831,114,249,1,-1,-1,-1
130,1990,414,702,104,235,1,-1,-1,-1
131,2010,1403,707,79,220,1,-1,-1,-1
131,1991,536,832,115,248,1,-1,-1,-1
131,1990,413,700,104,235,1,-1,-1,-1
132,2010,1401,706,80,224,1,-1,-1,-1
132,1991,535,834,114,246,1,-1,-1,-1
132,1990,413,699,104,235,1,-1,-1,-1
132,1989,553,698,82,188,1,-1,-1,-1
133,2010,1401,705,80,227,1,-1,-1,-1
133,2008,658,684,70,206,1,-1,-1,-1
133,1991,533,836,115,245,1,-1,-1,-1
133,1990,414,696,103,234,1,-1,-1,-1
133,1989,554,698,83,188,1,-1,-1,-1
134,2008,658,685,70,206,1,-1,-1,-1
134,2007,1313,725,82,224,1,-1,-1,-1
134,2004,1244,761,90,236,1,-1,-1,-1
134,1991,532,837,115,244,1,-1,-1,-1
134,1990,415,693,102,233,1,-1,-1,-1
135,2004,1240,761,84,235,1,-1,-1,-1
135,1991,531,839,114,242,1,-1,-1,-1
135,1990,416,692,102,232,1,-1,-1,-1
135,1989,557,697,84,188,1,-1,-1,-1
136,2004,1228,763,85,234,1,-1,-1,-1
136,1991,530,840,114,241,1,-1,-1,-1
136,1990,416,691,102,233,1,-1,-1,-1
136,1989,557,695,84,189,1,-1,-1,-1
137,2004,1214,762,91,235,1,-1,-1,-1
137,1991,527,840,114,240,1,-1,-1,-1
137,1990,416,690,102,233,1,-1,-1,-1
137,1989,557,694,86,189,1,-1,-1,-1
138,2010,1395,716,79,229,1,-1,-1,-1
138,2007,1303,721,88,226,1,-1,-1,-1
138,2004,1201,762,99,235,1,-1,-1,-1
138,1991,525,841,115,239,1,-1,-1,-1
138,1990,417,688,102,233,1,-1,-1,-1
138,1989,558,692,87,192,1,-1,-1,-1
139,2010,1395,718,78,231,1,-1,-1,-1
139,2007,1299,720,90,228,1,-1,-1,-1
139,1991,523,841,116,239,1,-1,-1,-1
139,1990,417,688,102,234,1,-1,-1,-1
139,1989,557,690,88,195,1,-1,-1,-1
140,2007,1297,719,91,229,1,-1,-1,-1
140,1991,520,843,117,237,1,-1,-1,-1
140,1990,419,688,100,234,1,-1,-1,-1
140,1989,556,690,89,197,1,-1,-1,-1
141,2010,1393,718,76,231,1,-1,-1,-1
141,2007,1298,718,91,231,1,-1,-1,-1
141,1991,517,844,118,236,1,-1,-1,-1
141,1990,420,687,99,234,1,-1,-1,-1
141,1989,555,689,90,201,1,-1,-1,-1
142,2011,49,967,98,111,1,-1,-1,-1
142,2010,1391,717,77,232,1,-1,-1,-1
142,2007,1298,720,91,231,1,-1,-1,-1
142,1991,515,846,117,235,1,-1,-1,-1
142,1990,421,687,99,233,1,-1,-1,-1
142,1989,556,688,91,204,1,-1,-1,-1
143,2011,50,966,97,111,1,-1,-1,-1
143,2010,1389,716,78,231,1,-1,-1,-1
143,2007,1300,721,90,233,1,-1,-1,-1
143,1991,514,848,118,233,1,-1,-1,-1
143,1990,422,685,99,234,1,-1,-1,-1
143,1989,557,687,92,208,1,-1,-1,-1
144,2010,1386,715,80,233,1,-1,-1,-1
144,2007,1303,723,87,236,1,-1,-1,-1
144,1991,511,849,118,231,1,-1,-1,-1
144,1990,424,685,97,234,1,-1,-1,-1
144,1989,557,686,92,210,1,-1,-1,-1
145,2010,1384,716,80,234,1,-1,-1,-1
145,2007,1303,726,85,236,1,-1,-1,-1
145,1991,508,851,119,229,1,-1,-1,-1
145,1989,557,687,93,212,1,-1,-1,-1
146,2010,1384,716,80,234,1,-1,-1,-1
146,2007,1303,727,83,237,1,-1,-1,-1
146,1991,506,852,119,228,1,-1,-1,-1
146,1989,558,687,93,215,1,-1,-1,-1
147,2010,1384,717,82,235,1,-1,-1,-1
147,2007,1303,728,82,238,1,-1,-1,-1
147,1991,505,853,119,227,1,-1,-1,-1
147,1990,429,679,97,230,1,-1,-1,-1
147,1989,560,685,93,218,1,-1,-1,-1
148,2010,1383,718,82,235,1,-1,-1,-1
148,2007,1302,729,82,238,1,-1,-1,-1
148,1991,504,854,117,226,1,-1,-1,-1
148,1990,430,678,97,228,1,-1,-1,-1
148,1989,559,686,92,220,1,-1,-1,-1
149,2010,1384,722,82,237,1,-1,-1,-1
149,2007,1303,729,82,238,1,-1,-1,-1
149,1991,502,854,117,226,1,-1,-1,-1
149,1990,431,676,98,227,1,-1,-1,-1
149,1989,560,685,91,222,1,-1,-1,-1
150,2007,1303,727,83,239,1,-1,-1,-1
150,1991,499,854,117,225,1,-1,-1,-1
150,1990,432,675,98,227,1,-1,-1,-1
150,1989,561,683,89,224,1,-1,-1,-1
151,2007,1303,726,83,241,1,-1,-1,-1
151,1990,433,674,98,226,1,-1,-1,-1
151,1989,561,682,87,227,1,-1,-1,-1
152,2007,1303,725,83,242,1,-1,-1,-1
152,1989,562,680,86,229,1,-1,-1,-1
153,2011,58,951,96,124,1,-1,-1,-1
153,2007,1303,723,82,243,1,-1,-1,-1
153,1990,435,674,98,226,1,-1,-1,-1
153,1989,564,675,85,229,1,-1,-1,-1
154,2011,60,949,95,127,1,-1,-1,-1
154,1989,564,672,85,230,1,-1,-1,-1
155,2011,63,948,95,128,1,-1,-1,-1
155,2010,1380,729,82,240,1,-1,-1,-1
155,1989,565,670,85,230,1,-1,-1,-1
156,2011,65,947,95,130,1,-1,-1,-1
156,2010,1380,730,80,240,1,-1,-1,-1
156,2007,1297,729,85,246,1,-1,-1,-1
156,1989,566,669,85,231,1,-1,-1,-1
157,2011,70,946,94,131,1,-1,-1,-1
157,2010,1379,729,80,241,1,-1,-1,-1
157,2007,1295,733,87,245,1,-1,-1,-1
157,1989,568,667,84,232,1,-1,-1,-1
158,2011,73,944,93,133,1,-1,-1,-1
158,2010,1380,727,80,241,1,-1,-1,-1
158,2007,1292,736,88,244,1,-1,-1,-1
158,1991,482,865,115,217,1,-1,-1,-1
158,1989,569,667,83,231,1,-1,-1,-1
159,2010,1380,728,80,240,1,-1,-1,-1
159,2007,1288,738,89,245,1,-1,-1,-1
159,1991,477,868,116,213,1,-1,-1,-1
160,2010,1380,729,81,240,1,-1,-1,-1
160,2007,1287,739,90,245,1,-1,-1,-1
160,1991,472,869,118,212,1,-1,-1,-1
160,1990,442,667,99,225,1,-1,-1,-1
161,2011,83,938,93,137,1,-1,-1,-1
161,2007,1283,739,91,245,1,-1,-1,-1
161,1990,443,665,99,224,1,-1,-1,-1
162,2010,1379,732,81,240,1,-1,-1,-1
162,2007,1284,740,89,244,1,-1,-1,-1
162,1990,445,663,99,224,1,-1,-1,-1
163,2007,1285,740,88,244,1,-1,-1,-1
163,1990,447,661,98,225,1,-1,-1,-1
164,2007,1283,739,88,244,1,-1,-1,-1
164,1991,458,870,120,209,1,-1,-1,-1
164,1990,449,661,97,224,1,-1,-1,-1
165,2010,1377,741,82,243,1,-1,-1,-1
165,1991,454,870,121,208,1,-1,-1,-1
166,2007,1282,740,86,244,1,-1,-1,-1
166,1991,450,873,122,206,1,-1,-1,-1
166,1990,453,661,96,224,1,-1,-1,-1
167,2010,1375,742,82,243,1,-1,-1,-1
167,2007,1281,741,86,245,1,-1,-1,-1
167,1991,446,877,124,203,1,-1,-1,-1
168,2007,1280,746,85,246,1,-1,-1,-1
168,1991,444,880,124,201,1,-1,-1,-1
169,2010,1374,743,82,243,1,-1,-1,-1
169,2007,1280,749,85,245,1,-1,-1,-1
169,1991,442,884,125,198,1,-1,-1,-1
169,1990,459,663,96,224,1,-1,-1,-1
170,2011,101,929,93,147,1,-1,-1,-1
170,2010,1374,744,81,242,1,-1,-1,-1
170,2007,1272,750,90,246,1,-1,-1,-1
170,1991,441,887,125,195,1,-1,-1,-1
171,2014,1175,741,84,256,1,-1,-1,-1
171,2011,104,928,92,148,1,-1,-1,-1
171,2010,1373,744,82,242,1,-1,-1,-1
171,1991,440,890,125,192,1,-1,-1,-1
172,2014,1176,743,84,255,1,-1,-1,-1
172,2011,106,926,93,150,1,-1,-1,-1
172,2010,1373,744,83,242,1,-1,-1,-1
172,2007,1273,753,90,247,1,-1,-1,-1
172,1989,588,654,82,228,1,-1,-1,-1
173,2011,107,925,93,151,1,-1,-1,-1
173,2010,1372,746,84,244,1,-1,-1,-1
174,2011,109,923,92,154,1,-1,-1,-1
174,2010,1371,747,85,246,1,-1,-1,-1
174,2007,1273,753,90,248,1,-1,-1,-1
175,2011,110,921,92,156,1,-1,-1,-1
175,2010,1369,749,86,246,1,-1,-1,-1
175,2007,1272,751,92,250,1,-1,-1,-1
176,2014,1172,754,85,257,1,-1,-1,-1
176,2011,111,919,92,157,1,-1,-1,-1
176,2010,1368,751,88,248,1,-1,-1,-1
176,2007,1271,750,94,252,1,-1,-1,-1
177,2014,1171,754,86,259,1,-1,-1,-1
177,2011,112,918,92,159,1,-1,-1,-1
177,2010,1368,754,88,248,1,-1,-1,-1
177,2007,1269,753,97,251,1,-1,-1,-1
178,2014,1171,753,85,262,1,-1,-1,-1
178,2011,114,917,92,160,1,-1,-1,-1
178,2010,1367,757,90,249,1,-1,-1,-1
178,2007,1266,755,99,249,1,-1,-1,-1
178,1990,472,654,97,220,1,-1,-1,-1
179,2018,889,771,117,243,1,-1,-1,-1
179,2014,1170,752,86,265,1,-1,-1,-1
179,2011,115,916,92,162,1,-1,-1,-1
179,2010,1367,760,91,248,1,-1,-1,-1
179,2007,1261,757,101,249,1,-1,-1,-1
179,1990,473,654,97,218,1,-1,-1,-1
180,2018,883,771,123,244,1,-1,-1,-1
180,2014,1171,749,86,267,1,-1,-1,-1
180,2011,117,915,92,163,1,-1,-1,-1
180,2010,1368,761,90,247,1,-1,-1,-1
181,2018,877,772,128,244,1,-1,-1,-1
181,2014,1171,749,86,267,1,-1,-1,-1
181,2010,1368,761,90,246,1,-1,-1,-1
182,2018,875,774,129,243,1,-1,-1,-1
182,2014,1171,751,85,266,1,-1,-1,-1
182,2010,1369,763,90,245,1,-1,-1,-1
182,2007,1258,762,104,252,1,-1,-1,-1
183,2018,872,773,127,242,1,-1,-1,-1
183,2010,1369,762,91,244,1,-1,-1,-1
183,2007,1256,764,102,253,1,-1,-1,-1
184,2010,1370,762,90,244,1,-1,-1,-1
184,2007,1257,764,105,255,1,-1,-1,-1
184,1989,605,647,81,222,1,-1,-1,-1
185,2014,1167,752,84,266,1,-1,-1,-1
185,2010,1371,763,90,243,1,-1,-1,-1
185,2007,1256,765,104,255,1,-1,-1,-1
186,2014,1168,753,87,270,1,-1,-1,-1
186,2010,1371,763,90,246,1,-1,-1,-1
186,2007,1255,765,104,254,1,-1,-1,-1
187,2014,1165,755,90,272,1,-1,-1,-1
187,2010,1371,764,90,247,1,-1,-1,-1
187,2007,1254,764,104,257,1,-1,-1,-1
188,2018,833,777,101,228,1,-1,-1,-1
188,2014,1163,756,92,274,1,-1,-1,-1
188,2010,1371,761,90,247,1,-1,-1,-1
188,2007,1253,763,105,257,1,-1,-1,-1
189,2007,1251,762,106,258,1,-1,-1,-1
190,2010,1373,767,90,250,1,-1,-1,-1
190,2007,1250,762,106,258,1,-1,-1,-1
191,2018,813,777,101,233,1,-1,-1,-1
191,2010,1373,771,89,252,1,-1,-1,-1
191,2007,1250,762,106,257,1,-1,-1,-1
192,2018,800,774,110,237,1,-1,-1,-1
192,2010,1373,773,88,255,1,-1,-1,-1
192,2007,1250,765,106,257,1,-1,-1,-1
192,1989,608,646,82,220,1,-1,-1,-1
193,2018,789,772,119,240,1,-1,-1,-1
193,2010,1373,773,87,255,1,-1,-1,-1
193,2007,1252,765,106,258,1,-1,-1,-1
193,1989,608,646,83,220,1,-1,-1,-1
194,2018,783,772,124,241,1,-1,-1,-1
195,2018,778,772,130,242,1,-1,-1,-1
195,2007,1254,770,103,260,1,-1,-1,-1
195,1989,608,644,84,220,1,-1,-1,-1
196,2014,1149,763,90,277,1,-1,-1,-1
197,2010,1369,776,87,260,1,-1,-1,-1
197,2007,1258,774,102,262,1,-1,-1,-1
197,1989,609,640,82,220,1,-1,-1,-1
198,2010,1368,777,87,261,1,-1,-1,-1
198,2007,1259,774,100,262,1,-1,-1,-1
198,1989,609,638,81,218,1,-1,-1,-1
199,2010,1367,775,88,264,1,-1,-1,-1
199,2007,1258,773,96,263,1,-1,-1,-1
200,2014,1133,766,97,279,1,-1,-1,-1
200,2010,1366,776,89,264,1,-1,-1,-1
200,2007,1259,771,95,264,1,-1,-1,-1
200,1989,611,634,80,217,1,-1,-1,-1
201,2014,1130,768,100,278,1,-1,-1,-1
201,2010,1365,777,90,264,1,-1,-1,-1
201,2007,1260,770,97,264,1,-1,-1,-1
201,1989,612,633,80,216,1,-1,-1,-1
202,2010,1364,779,92,264,1,-1,-1,-1
202,2007,1261,768,97,266,1,-1,-1,-1
202,1989,614,632,79,217,1,-1,-1,-1
203,2019,378,939,115,140,1,-1,-1,-1
203,2010,1362,780,94,266,1,-1,-1,-1
203,2007,1260,766,99,267,1,-1,-1,-1
204,2019,376,940,115,139,1,-1,-1,-1
204,2010,1361,781,95,269,1,-1,-1,-1
204,2007,1257,767,100,269,1,-1,-1,-1
205,2019,373,941,114,138,1,-1,-1,-1
205,2010,1360,785,96,270,1,-1,-1,-1
205,2007,1251,773,100,268,1,-1,-1,-1
206,2019,370,944,113,135,1,-1,-1,-1
206,2010,1361,787,96,271,1,-1,-1,-1
206,2007,1248,777,101,269,1,-1,-1,-1
207,2014,1121,772,105,278,1,-1,-1,-1
207,2010,1360,790,96,272,1,-1,-1,-1
207,2007,1248,780,103,270,1,-1,-1,-1
208,2014,1120,773,106,277,1,-1,-1,-1
208,2010,1360,791,97,272,1,-1,-1,-1
208,2007,1247,783,107,270,1,-1,-1,-1
209,2018,671,771,137,250,1,-1,-1,-1
209,2014,1118,774,107,277,1,-1,-1,-1
209,2010,1360,789,97,267,1,-1,-1,-1
209,2007,1244,786,111,270,1,-1,-1,-1
210,2014,1116,774,108,278,1,-1,-1,-1
210,2010,1361,788,97,265,1,-1,-1,-1
210,2007,1242,787,111,271,1,-1,-1,-1
211,2014,1116,773,108,279,1,-1,-1,-1
211,2010,1362,789,98,263,1,-1,-1,-1
211,2007,1241,786,110,272,1,-1,-1,-1
212,2019,337,955,120,126,1,-1,-1,-1
212,2014,1115,775,107,278,1,-1,-1,-1
212,2010,1363,789,98,262,1,-1,-1,-1
212,2007,1241,787,110,271,1,-1,-1,-1
213,2020,220,871,86,207,1,-1,-1,-1
213,2019,332,956,123,124,1,-1,-1,-1
213,2014,1114,776,108,279,1,-1,-1,-1
213,2010,1363,788,98,261,1,-1,-1,-1
213,2007,1241,788,110,270,1,-1,-1,-1
214,2021,782,628,63,191,1,-1,-1,-1
214,2020,223,870,86,208,1,-1,-1,-1
214,2019,329,957,125,123,1,-1,-1,-1
214,2014,1114,779,107,281,1,-1,-1,-1
214,2010,1365,791,97,262,1,-1,-1,-1
214,2007,1241,789,109,268,1,-1,-1,-1
215,2021,784,627,62,191,1,-1,-1,-1
215,2019,326,957,126,122,1,-1,-1,-1
215,2014,1113,782,107,280,1,-1,-1,-1
215,2010,1366,793,96,264,1,-1,-1,-1
215,2007,1241,789,109,268,1,-1,-1,-1
216,2021,783,626,62,191,1,-1,-1,-1
216,2019,324,958,128,121,1,-1,-1,-1
216,2014,1112,784,106,283,1,-1,-1,-1
216,2010,1366,792,97,266,1,-1,-1,-1
216,2007,1241,788,108,267,1,-1,-1,-1
217,2021,783,626,60,190,1,-1,-1,-1
217,2020,224,862,95,219,1,-1,-1,-1
217,2019,321,960,129,120,1,-1,-1,-1
217,2014,1111,786,105,284,1,-1,-1,-1
217,2010,1366,795,97,268,1,-1,-1,-1
217,2007,1243,789,105,267,1,-1,-1,-1
218,2021,784,625,58,187,1,-1,-1,-1
218,2020,226,860,97,220,1,-1,-1,-1
218,2019,320,962,128,118,1,-1,-1,-1
218,2014,1110,787,105,286,1,-1,-1,-1
218,2010,1366,797,96,272,1,-1,-1,-1
218,2007,1243,792,104,267,1,-1,-1,-1
219,2021,784,624,59,188,1,-1,-1,-1
219,2020,233,860,94,219,1,-1,-1,-1
219,2019,320,964,126,116,1,-1,-1,-1
219,2014,1108,788,103,286,1,-1,-1,-1
219,2010,1366,797,94,270,1,-1,-1,-1
219,2007,1244,795,103,266,1,-1,-1,-1
220,2021,785,624,59,189,1,-1,-1,-1
220,2019,319,964,125,115,1,-1,-1,-1
220,2014,1105,788,103,287,1,-1,-1,-1
220,2010,1365,799,93,270,1,-1,-1,-1
220,2007,1244,799,102,265,1,-1,-1,-1
221,2021,786,623,59,190,1,-1,-1,-1
221,2014,1104,787,102,288,1,-1,-1,-1
221,2010,1364,801,92,269,1,-1,-1,-1
221,2007,1245,802,101,263,1,-1,-1,-1
222,2014,1103,787,102,288,1,-1,-1,-1
222,2010,1364,803,90,269,1,-1,-1,-1
222,2007,1246,806,100,265,1,-1,-1,-1
223,2014,1102,786,102,290,1,-1,-1,-1
223,2010,1362,804,90,268,1,-1,-1,-1
223,2007,1245,807,101,268,1,-1,-1,-1
224,2022,387,759,66,216,1,-1,-1,-1
224,2014,1101,787,103,289,1,-1,-1,-1
224,2010,1361,806,89,269,1,-1,-1,-1
224,2007,1245,806,101,269,1,-1,-1,-1
225,2014,1099,787,103,290,1,-1,-1,-1
225,2010,1359,805,90,269,1,-1,-1,-1
225,2007,1245,806,101,270,1,-1,-1,-1
226,2022,370,759,74,220,1,-1,-1,-1
226,2014,1097,787,104,290,1,-1,-1,-1
226,2010,1357,805,91,269,1,-1,-1,-1
226,2007,1244,804,104,271,1,-1,-1,-1
227,2022,365,761,79,218,1,-1,-1,-1
227,2014,1096,789,105,290,1,-1,-1,-1
227,2010,1355,804,91,270,1,-1,-1,-1
227,2007,1244,803,106,272,1,-1,-1,-1
228,2022,361,761,83,218,1,-1,-1,-1
228,2014,1095,790,106,289,1,-1,-1,-1
228,2010,1353,804,93,271,1,-1,-1,-1
228,2007,1243,803,108,272,1,-1,-1,-1
229,2014,1092,793,107,287,1,-1,-1,-1
229,2010,1351,805,95,270,1,-1,-1,-1
229,2007,1241,804,111,273,1,-1,-1,-1
230,2014,1091,795,107,286,1,-1,-1,-1
230,2010,1349,806,96,269,1,-1,-1,-1
230,2007,1240,805,113,273,1,-1,-1,-1
231,2014,1092,798,107,284,1,-1,-1,-1
231,2010,1346,807,99,269,1,-1,-1,-1
231,2007,1240,808,113,272,1,-1,-1,-1
232,2014,1094,801,106,282,1,-1,-1,-1
232,2010,1343,809,102,269,1,-1,-1,-1
232,2007,1239,811,115,270,1,-1,-1,-1
233,2014,1095,802,106,280,1,-1,-1,-1
233,2010,1342,810,104,269,1,-1,-1,-1
233,2007,1239,814,115,268,1,-1,-1,-1
234,2023,622,605,76,211,1,-1,-1,-1
234,2014,1096,803,105,278,1,-1,-1,-1
234,2010,1341,813,106,267,1,-1,-1,-1
234,2007,1239,817,116,266,1,-1,-1,-1
235,2023,621,605,77,208,1,-1,-1,-1
235,2014,1097,803,104,278,1,-1,-1,-1
235,2010,1340,816,107,265,1,-1,-1,-1
235,2007,1239,820,116,263,1,-1,-1,-1
236,2023,621,606,78,206,1,-1,-1,-1
236,2014,1096,804,105,276,1,-1,-1,-1
236,2010,1339,819,108,263,1,-1,-1,-1
236,2007,1239,820,115,262,1,-1,-1,-1
237,2023,621,607,78,204,1,-1,-1,-1
237,2021,795,617,58,185,1,-1,-1,-1
237,2014,1097,804,104,276,1,-1,-1,-1
237,2010,1337,822,110,260,1,-1,-1,-1
237,2007,1238,821,115,261,1,-1,-1,-1
238,2021,791,617,62,185,1,-1,-1,-1
238,2014,1097,805,105,275,1,-1,-1,-1
238,2010,1339,824,109,258,1,-1,-1,-1
238,2007,1237,821,116,260,1,-1,-1,-1
239,2023,621,608,76,203,1,-1,-1,-1
239,2021,788,617,65,185,1,-1,-1,-1
239,2014,1098,805,106,275,1,-1,-1,-1
239,2010,1340,825,108,256,1,-1,-1,-1
239,2007,1237,821,117,260,1,-1,-1,-1
240,2023,621,608,76,202,1,-1,-1,-1
240,2021,785,616,68,187,1,-1,-1,-1
240,2014,1099,805,106,275,1,-1,-1,-1
240,2010,1342,824,106,256,1,-1,-1,-1
240,2007,1237,820,117,260,1,-1,-1,-1
241,2023,620,607,76,203,1,-1,-1,-1
241,2021,782,616,71,186,1,-1,-1,-1
241,2014,1100,806,105,274,1,-1,-1,-1
241,2010,1342,824,105,255,1,-1,-1,-1
241,2007,1236,820,118,260,1,-1,-1,-1
242,2023,619,606,77,203,1,-1,-1,-1
242,2021,782,614,71,187,1,-1,-1,-1
242,2014,1100,807,106,274,1,-1,-1,-1
242,2010,1343,823,103,256,1,-1,-1,-1
242,2007,1234,820,119,260,1,-1,-1,-1
243,2023,618,604,78,203,1,-1,-1,-1
243,2021,782,613,72,188,1,-1,-1,-1
243,2014,1100,808,106,273,1,-1,-1,-1
243,2010,1344,824,102,255,1,-1,-1,-1
243,2007,1234,821,119,260,1,-1,-1,-1
244,2023,617,602,79,202,1,-1,-1,-1
244,2021,783,614,72,187,1,-1,-1,-1
244,2014,1101,810,106,272,1,-1,-1,-1
244,2010,1345,825,100,255,1,-1,-1,-1
244,2007,1235,823,119,258,1,-1,-1,-1
245,2023,617,601,79,202,1,-1,-1,-1
245,2021,783,614,73,187,1,-1,-1,-1
245,2014,1100,813,107,269,1,-1,-1,-1
245,2010,1346,828,99,253,1,-1,-1,-1
245,2007,1234,825,119,257,1,-1,-1,-1
246,2023,616,599,79,202,1,-1,-1,-1
246,2021,784,613,71,188,1,-1,-1,-1
246,2014,1098,817,107,266,1,-1,-1,-1
246,2010,1346,830,98,251,1,-1,-1,-1
246,2007,1234,829,119,253,1,-1,-1,-1
247,2026,396,771,128,241,1,-1,-1,-1
247,2023,615,599,79,200,1,-1,-1,-1
247,2021,784,614,71,187,1,-1,-1,-1
247,2014,1098,819,106,264,1,-1,-1,-1
247,2010,1345,833,98,249,1,-1,-1,-1
247,2007,1233,830,120,252,1,-1,-1,-1
248,2026,391,770,132,243,1,-1,-1,-1
248,2023,616,599,79,201,1,-1,-1,-1
248,2021,783,615,71,186,1,-1,-1,-1
248,2014,1096,822,108,261,1,-1,-1,-1
248,2010,1345,837,97,245,1,-1,-1,-1
248,2007,1231,831,120,250,1,-1,-1,-1
249,2026,388,770,135,243,1,-1,-1,-1
249,2023,616,599,79,201,1,-1,-1,-1
249,2021,783,615,70,185,1,-1,-1,-1
249,2014,1093,824,109,259,1,-1,-1,-1
249,2010,1344,840,97,242,1,-1,-1,-1
249,2007,1229,832,120,249,1,-1,-1,-1
250,2027,495,601,91,200,1,-1,-1,-1
250,2026,387,770,134,242,1,-1,-1,-1
250,2023,615,598,79,201,1,-1,-1,-1
250,2021,781,615,69,184,1,-1,-1,-1
250,2010,1342,842,96,240,1,-1,-1,-1
250,2007,1227,832,121,249,1,-1,-1,-1
251,2026,384,773,131,239,1,-1,-1,-1
251,2023,615,598,78,200,1,-1,-1,-1
251,2021,779,614,68,185,1,-1,-1,-1
251,2014,1087,824,113,258,1,-1,-1,-1
251,2010,1341,844,95,238,1,-1,-1,-1
251,2007,1226,832,121,249,1,-1,-1,-1
252,2027,495,600,90,200,1,-1,-1,-1
252,2023,616,597,78,199,1,-1,-1,-1
252,2021,777,615,65,185,1,-1,-1,-1
252,2014,1084,825,115,256,1,-1,-1,-1
252,2010,1338,845,97,236,1,-1,-1,-1
252,2007,1224,832,122,249,1,-1,-1,-1
253,2025,192,910,102,168,1,-1,-1,-1
253,2023,616,600,77,199,1,-1,-1,-1
253,2021,775,615,63,185,1,-1,-1,-1
253,2014,1081,824,116,257,1,-1,-1,-1
253,2010,1336,844,97,236,1,-1,-1,-1
253,2007,1222,833,122,248,1,-1,-1,-1
254,2027,494,601,90,198,1,-1,-1,-1
254,2025,195,909,102,169,1,-1,-1,-1
254,2023,616,601,77,199,1,-1,-1,-1
254,2021,773,614,61,185,1,-1,-1,-1
254,2014,1079,825,118,256,1,-1,-1,-1
254,2010,1332,845,99,235,1,-1,-1,-1
254,2007,1221,835,122,246,1,-1,-1,-1
255,2027,494,600,90,198,1,-1,-1,-1
255,2025,198,907,101,171,1,-1,-1,-1
255,2023,616,601,76,200,1,-1,-1,-1
255,2014,1079,823,117,257,1,-1,-1,-1
255,2010,1331,846,100,234,1,-1,-1,-1
255,2007,1221,838,121,244,1,-1,-1,-1
256,2027,494,598,89,197,1,-1,-1,-1
256,2025,200,906,101,172,1,-1,-1,-1
256,2023,617,600,75,201,1,-1,-1,-1
256,2014,1079,826,118,255,1,-1,-1,-1
256,2010,1329,846,103,234,1,-1,-1,-1
256,2007,1221,841,120,241,1,-1,-1,-1
257,2027,494,596,88,197,1,-1,-1,-1
257,2025,202,904,100,173,1,-1,-1,-1
257,2023,617,600,74,202,1,-1,-1,-1
257,2021,767,614,58,185,1,-1,-1,-1
257,2014,1079,829,117,253,1,-1,-1,-1
257,2010,1331,846,103,234,1,-1,-1,-1
257,2007,1221,844,118,239,1,-1,-1,-1
258,2027,495,595,87,197,1,-1,-1,-1
258,2025,204,902,99,175,1,-1,-1,-1
258,2023,617,599,73,205,1,-1,-1,-1
258,2021,763,613,59,186,1,-1,-1,-1
258,2014,1079,831,116,251,1,-1,-1,-1
258,2010,1332,848,104,232,1,-1,-1,-1
258,2007,1222,847,116,235,1,-1,-1,-1
259,2028,334,820,75,245,1,-1,-1,-1
259,2027,495,595,86,196,1,-1,-1,-1
259,2025,207,901,98,176,1,-1,-1,-1
259,2023,616,597,73,205,1,-1,-1,-1
259,2021,758,614,61,185,1,-1,-1,-1
259,2014,1079,833,116,249,1,-1,-1,-1
259,2010,1330,850,106,231,1,-1,-1,-1
259,2007,1222,849,114,233,1,-1,-1,-1
260,2028,335,817,76,247,1,-1,-1,-1
260,2025,210,900,100,178,1,-1,-1,-1
260,2023,615,593,72,203,1,-1,-1,-1
260,2021,754,614,62,185,1,-1,-1,-1
260,2014,1078,835,115,248,1,-1,-1,-1
260,2010,1329,851,107,230,1,-1,-1,-1
260,2007,1221,850,114,231,1,-1,-1,-1
261,2028,337,816,76,246,1,-1,-1,-1
261,2025,213,901,99,177,1,-1,-1,-1
261,2023,614,591,72,201,1,-1,-1,-1
261,2021,750,614,63,184,1,-1,-1,-1
261,2014,1076,839,116,244,1,-1,-1,-1
261,2010,1329,854,107,227,1,-1,-1,-1
261,2007,1220,851,113,230,1,-1,-1,-1
262,2028,334,813,79,249,1,-1,-1,-1
262,2025,215,901,98,177,1,-1,-1,-1
262,2023,613,590,72,199,1,-1,-1,-1
262,2021,748,613,64,185,1,-1,-1,-1
262,2014,1074,841,116,241,1,-1,-1,-1
262,2010,1328,858,108,225,1,-1,-1,-1
262,2007,1217,851,115,230,1,-1,-1,-1
263,2028,336,811,80,251,1,-1,-1,-1
263,2025,217,900,97,178,1,-1,-1,-1
263,2023,612,590,72,199,1,-1,-1,-1
263,2021,748,612,63,184,1,-1,-1,-1
263,2014,1073,843,115,239,1,-1,-1,-1
263,2010,1328,861,109,222,1,-1,-1,-1
263,2007,1214,852,116,229,1,-1,-1,-1
264,2028,340,811,81,252,1,-1,-1,-1
264,2025,219,899,96,179,1,-1,-1,-1
264,2023,611,590,72,199,1,-1,-1,-1
264,2021,746,612,63,185,1,-1,-1,-1
264,2014,1071,843,115,238,1,-1,-1,-1
264,2010,1326,864,110,219,1,-1,-1,-1
264,2007,1211,852,118,228,1,-1,-1,-1
265,2028,341,810,83,254,1,-1,-1,-1
265,2025,222,898,95,180,1,-1,-1,-1
265,2023,611,590,72,199,1,-1,-1,-1
265,2021,744,611,63,185,1,-1,-1,-1
265,2014,1069,844,114,237,1,-1,-1,-1
265,2010,1324,867,111,216,1,-1,-1,-1
265,2007,1207,852,120,228,1,-1,-1,-1
266,2028,345,810,82,254,1,-1,-1,-1
266,2025,224,897,94,180,1,-1,-1,-1
266,2023,610,591,72,198,1,-1,-1,-1
266,2021,742,610,61,186,1,-1,-1,-1
266,2014,1069,844,113,237,1,-1,-1,-1
266,2010,1324,868,110,214,1,-1,-1,-1
266,2007,1204,854,122,226,1,-1,-1,-1
267,2028,347,810,81,253,1,-1,-1,-1
267,2025,225,896,94,181,1,-1,-1,-1
267,2021,739,608,59,185,1,-1,-1,-1
267,2014,1068,846,113,234,1,-1,-1,-1
267,2010,1324,869,110,212,1,-1,-1,-1
267,2007,1201,856,123,225,1,-1,-1,-1
268,2028,349,810,80,252,1,-1,-1,-1
268,2025,226,895,94,182,1,-1,-1,-1
268,2021,736,609,58,186,1,-1,-1,-1
268,2014,1067,847,113,234,1,-1,-1,-1
268,2010,1325,870,109,211,1,-1,-1,-1
268,2007,1196,858,126,223,1,-1,-1,-1
269,2028,351,809,79,252,1,-1,-1,-1
269,2027,487,589,80,192,1,-1,-1,-1
269,2025,227,894,94,184,1,-1,-1,-1
269,2023,607,593,71,196,1,-1,-1,-1
269,2021,733,609,57,188,1,-1,-1,-1
269,2014,1067,849,111,232,1,-1,-1,-1
269,2010,1325,870,108,211,1,-1,-1,-1
269,2007,1192,861,129,221,1,-1,-1,-1
270,2028,353,807,79,252,1,-1,-1,-1
270,2025,228,892,95,185,1,-1,-1,-1
270,2021,730,610,56,188,1,-1,-1,-1
270,2014,1066,851,112,230,1,-1,-1,-1
270,2010,1324,870,108,210,1,-1,-1,-1
270,2007,1188,860,131,221,1,-1,-1,-1
271,2028,352,804,81,253,1,-1,-1,-1
271,2025,229,891,96,187,1,-1,-1,-1
271,2021,726,608,57,188,1,-1,-1,-1
271,2014,1064,853,111,228,1,-1,-1,-1
271,2010,1325,872,107,208,1,-1,-1,-1
271,2007,1185,866,132,217,1,-1,-1,-1
272,2028,353,802,82,251,1,-1,-1,-1
272,2025,230,889,98,188,1,-1,-1,-1
272,2021,719,608,59,186,1,-1,-1,-1
272,2014,1062,855,111,226,1,-1,-1,-1
272,2010,1325,873,106,207,1,-1,-1,-1
272,2007,1180,868,136,215,1,-1,-1,-1
273,2028,354,800,82,249,1,-1,-1,-1
273,2025,231,887,99,190,1,-1,-1,-1
273,2021,711,608,62,186,1,-1,-1,-1
273,2014,1059,859,111,223,1,-1,-1,-1
273,2010,1324,875,105,206,1,-1,-1,-1
273,2007,1177,870,138,212,1,-1,-1,-1
274,2028,355,798,83,249,1,-1,-1,-1
274,2027,475,585,83,193,1,-1,-1,-1
274,2025,232,885,99,192,1,-1,-1,-1
274,2021,702,609,68,187,1,-1,-1,-1
274,2014,1058,863,110,219,1,-1,-1,-1
274,2010,1322,877,106,204,1,-1,-1,-1
274,2007,1174,872,140,210,1,-1,-1,-1
275,2028,356,797,84,249,1,-1,-1,-1
275,2027,473,585,84,193,1,-1,-1,-1
275,2025,234,884,99,193,1,-1,-1,-1
275,2021,696,610,72,186,1,-1,-1,-1
275,2014,1056,866,109,216,1,-1,-1,-1
275,2010,1321,880,105,201,1,-1,-1,-1
275,2007,1172,873,142,209,1,-1,-1,-1
276,2028,358,797,84,248,1,-1,-1,-1
276,2027,471,585,85,193,1,-1,-1,-1
276,2025,236,883,99,194,1,-1,-1,-1
276,2021,692,610,75,186,1,-1,-1,-1
276,2014,1053,868,109,214,1,-1,-1,-1
276,2010,1319,883,105,199,1,-1,-1,-1
276,2007,1171,875,142,207,1,-1,-1,-1
277,2028,360,797,83,248,1,-1,-1,-1
277,2025,239,883,98,195,1,-1,-1,-1
277,2021,689,610,79,185,1,-1,-1,-1
277,2014,1050,870,109,212,1,-1,-1,-1
277,2010,1318,886,104,196,1,-1,-1,-1
277,2007,1169,876,143,206,1,-1,-1,-1
278,2028,363,797,82,247,1,-1,-1,-1
278,2027,468,585,86,194,1,-1,-1,-1
278,2025,241,881,99,196,1,-1,-1,-1
278,2021,689,610,80,186,1,-1,-1,-1
278,2014,1047,871,108,211,1,-1,-1,-1
278,2010,1315,889,104,193,1,-1,-1,-1
278,2007,1168,877,142,205,1,-1,-1,-1
279,2028,365,798,80,247,1,-1,-1,-1
279,2025,244,879,99,198,1,-1,-1,-1
279,2021,688,611,80,186,1,-1,-1,-1
279,2014,1044,872,109,209,1,-1,-1,-1
279,2010,1313,892,104,190,1,-1,-1,-1
279,2007,1167,879,140,203,1,-1,-1,-1
280,2028,366,798,80,246,1,-1,-1,-1
280,2025,246,876,100,201,1,-1,-1,-1
280,2014,1042,872,109,208,1,-1,-1,-1
280,2010,1310,894,104,188,1,-1,-1,-1
280,2007,1166,883,137,200,1,-1,-1,-1
281,2028,367,798,79,246,1,-1,-1,-1
281,2025,250,874,98,203,1,-1,-1,-1
281,2021,685,610,77,184,1,-1,-1,-1
281,2014,1040,873,109,207,1,-1,-1,-1
281,2010,1307,895,105,186,1,-1,-1,-1
281,2007,1165,887,135,197,1,-1,-1,-1
282,2028,367,797,79,246,1,-1,-1,-1
282,2025,253,872,98,205,1,-1,-1,-1
282,2021,684,609,73,183,1,-1,-1,-1
282,2014,1037,875,110,205,1,-1,-1,-1
282,2010,1304,896,105,185,1,-1,-1,-1
282,2007,1164,890,132,193,1,-1,-1,-1
283,2028,366,796,80,246,1,-1,-1,-1
283,2025,256,870,97,207,1,-1,-1,-1
283,2021,682,609,69,182,1,-1,-1,-1
283,2014,1034,876,109,204,1,-1,-1,-1
283,2010,1301,897,106,184,1,-1,-1,-1
283,2007,1163,894,130,188,1,-1,-1,-1
284,2029,1383,666,75,202,1,-1,-1,-1
284,2028,366,793,79,246,1,-1,-1,-1
284,2025,259,869,96,208,1,-1,-1,-1
284,2021,679,609,65,181,1,-1,-1,-1
284,2014,1031,877,110,203,1,-1,-1,-1
284,2010,1297,898,108,183,1,-1,-1,-1
284,2007,1160,897,128,185,1,-1,-1,-1
285,2029,1383,665,74,203,1,-1,-1,-1
285,2028,366,791,80,246,1,-1,-1,-1
285,2025,261,869,97,208,1,-1,-1,-1
285,2014,1029,880,110,201,1,-1,-1,-1
285,2010,1295,899,109,182,1,-1,-1,-1
285,2007,1157,899,127,183,1,-1,-1,-1
286,2029,1383,665,74,203,1,-1,-1,-1
286,2028,367,790,80,244,1,-1,-1,-1
286,2025,264,868,97,210,1,-1,-1,-1
286,2014,1027,883,111,198,1,-1,-1,-1
286,2010,1293,900,110,181,1,-1,-1,-1
286,2007,1155,900,126,181,1,-1,-1,-1
287,2029,1383,665,74,203,1,-1,-1,-1
287,2028,368,788,79,243,1,-1,-1,-1
287,2025,266,867,98,211,1,-1,-1,-1
287,2014,1025,887,111,195,1,-1,-1,-1
287,2010,1290,902,112,179,1,-1,-1,-1
287,2007,1153,901,125,180,1,-1,-1,-1
288,2029,1384,663,73,203,1,-1,-1,-1
288,2028,369,786,79,243,1,-1,-1,-1
288,2025,267,867,100,211,1,-1,-1,-1
288,2021,664,608,62,180,1,-1,-1,-1
288,2014,1023,890,112,192,1,-1,-1,-1
288,2010,1288,904,113,177,1,-1,-1,-1
288,2007,1151,901,125,179,1,-1,-1,-1
289,2029,1385,663,72,202,1,-1,-1,-1
289,2028,371,786,77,242,1,-1,-1,-1
289,2025,268,865,101,213,1,-1,-1,-1
289,2014,1021,893,112,189,1,-1,-1,-1
289,2010,1286,908,113,174,1,-1,-1,-1
289,2007,1150,901,124,179,1,-1,-1,-1
290,2030,158,767,84,248,1,-1,-1,-1
290,2029,1386,662,72,201,1,-1,-1,-1
290,2028,372,785,77,243,1,-1,-1,-1
290,2025,269,864,103,213,1,-1,-1,-1
290,2014,1021,895,112,187,1,-1,-1,-1
290,2010,1284,911,114,171,1,-1,-1,-1
290,2007,1149,902,123,178,1,-1,-1,-1
291,2030,158,766,84,250,1,-1,-1,-1
291,2028,375,785,76,242,1,-1,-1,-1
291,2025,271,862,104,215,1,-1,-1,-1
291,2021,653,611,64,178,1,-1,-1,-1
291,2014,1020,897,111,184,1,-1,-1,-1
291,2010,1283,915,115,167,1,-1,-1,-1
291,2007,1148,903,124,177,1,-1,-1,-1
292,2030,159,768,83,247,1,-1,-1,-1
292,2028,377,786,75,242,1,-1,-1,-1
292,2025,273,862,104,216,1,-1,-1,-1
292,2014,1018,898,112,183,1,-1,-1,-1
292,2010,1282,918,115,165,1,-1,-1,-1
292,2007,1147,906,123,175,1,-1,-1,-1
293,2030,161,768,81,247,1,-1,-1,-1
293,2028,378,786,77,242,1,-1,-1,-1
293,2025,276,860,104,218,1,-1,-1,-1
293,2014,1018,899,112,181,1,-1,-1,-1
293,2010,1283,921,115,161,1,-1,-1,-1
293,2007,1146,910,124,172,1,-1,-1,-1
294,2028,378,784,78,244,1,-1,-1,-1
294,2025,278,859,105,219,1,-1,-1,-1
294,2014,1017,900,112,180,1,-1,-1,-1
294,2010,1283,923,115,159,1,-1,-1,-1
294,2007,1145,914,124,169,1,-1,-1,-1
295,2028,379,783,79,245,1,-1,-1,-1
295,2025,280,858,105,219,1,-1,-1,-1
295,2014,1016,900,113,180,1,-1,-1,-1
295,2010,1283,925,114,156,1,-1,-1,-1
295,2007,1143,917,125,165,1,-1,-1,-1
296,2028,381,782,79,246,1,-1,-1,-1
296,2025,283,856,105,221,1,-1,-1,-1
296,2014,1016,901,112,179,1,-1,-1,-1
296,2010,1283,925,114,155,1,-1,-1,-1
296,2007,1142,920,126,163,1,-1,-1,-1
297,2028,382,781,80,246,1,-1,-1,-1
297,2025,286,853,105,224,1,-1,-1,-1
297,2014,1015,903,113,177,1,-1,-1,-1
297,2010,1283,925,114,155,1,-1,-1,-1
297,2007,1141,922,126,160,1,-1,-1,-1
298,2028,384,778,81,247,1,-1,-1,-1
298,2025,289,853,104,225,1,-1,-1,-1
298,2014,1013,905,114,175,1,-1,-1,-1
298,2010,1283,925,114,155,1,-1,-1,-1
298,2007,1139,923,127,158,1,-1,-1,-1
299,2028,386,777,81,247,1,-1,-1,-1
299,2025,291,854,105,225,1,-1,-1,-1
299,2014,1012,908,114,173,1,-1,-1,-1
299,2010,1283,926,114,153,1,-1,-1,-1
299,2007,1138,924,128,157,1,-1,-1,-1
300,2028,392,775,80,245,1,-1,-1,-1
300,2025,293,855,106,224,1,-1,-1,-1
300,2014,1012,912,113,169,1,-1,-1,-1
300,2010,1283,927,113,153,1,-1,-1,-1
300,2007,1137,925,129,156,1,-1,-1,-1
301,2028,394,775,81,243,1,-1,-1,-1
301,2025,296,855,106,224,1,-1,-1,-1
301,2014,1010,915,112,167,1,-1,-1,-1
301,2010,1283,929,113,151,1,-1,-1,-1
301,2007,1137,925,129,155,1,-1,-1,-1
302,2028,398,775,81,241,1,-1,-1,-1
302,2025,298,855,107,224,1,-1,-1,-1
302,2021,617,606,66,179,1,-1,-1,-1
302,2014,1008,919,111,163,1,-1,-1,-1
302,2010,1282,932,113,149,1,-1,-1,-1
302,2007,1136,927,130,154,1,-1,-1,-1
303,2028,401,775,80,240,1,-1,-1,-1
303,2025,302,855,107,224,1,-1,-1,-1
303,2021,611,606,69,179,1,-1,-1,-1
303,2014,1005,922,111,160,1,-1,-1,-1
303,2010,1281,936,113,146,1,-1,-1,-1
303,2007,1136,929,130,152,1,-1,-1,-1
304,2028,403,775,79,239,1,-1,-1,-1
304,2025,306,853,106,225,1,-1,-1,-1
304,2021,605,605,73,179,1,-1,-1,-1
304,2014,1001,924,112,158,1,-1,-1,-1
304,2010,1280,940,113,142,1,-1,-1,-1
304,2007,1135,931,131,150,1,-1,-1,-1
305,2028,403,775,79,239,1,-1,-1,-1
305,2025,308,851,107,227,1,-1,-1,-1
305,2021,602,606,76,178,1,-1,-1,-1
305,2014,998,926,112,155,1,-1,-1,-1
305,2010,1279,943,112,140,1,-1,-1,-1
305,2007,1135,935,130,147,1,-1,-1,-1
306,2028,404,775,79,239,1,-1,-1,-1
306,2025,311,849,107,229,1,-1,-1,-1
306,2021,599,607,78,178,1,-1,-1,-1
306,2014,994,927,112,154,1,-1,-1,-1
306,2010,1277,946,112,136,1,-1,-1,-1
306,2007,1135,939,129,143,1,-1,-1,-1
307,2028,406,775,79,239,1,-1,-1,-1
307,2025,314,847,108,230,1,-1,-1,-1
307,2021,597,608,80,177,1,-1,-1,-1
307,2014,991,928,112,152,1,-1,-1,-1
307,2010,1275,949,112,133,1,-1,-1,-1
307,2007,1134,943,128,139,1,-1,-1,-1
308,2028,409,775,78,239,1,-1,-1,-1
308,2025,316,846,109,231,1,-1,-1,-1
308,2021,595,607,80,178,1,-1,-1,-1
308,2014,988,929,112,151,1,-1,-1,-1
308,2010,1274,952,110,130,1,-1,-1,-1
308,2007,1133,947,126,136,1,-1,-1,-1
309,2028,413,775,76,239,1,-1,-1,-1
309,2025,318,846,109,232,1,-1,-1,-1
309,2021,594,607,80,179,1,-1,-1,-1
309,2014,984,930,113,150,1,-1,-1,-1
309,2010,1272,954,109,127,1,-1,-1,-1
309,2007,1131,949,125,133,1,-1,-1,-1
310,2028,414,775,76,239,1,-1,-1,-1
310,2025,321,845,110,233,1,-1,-1,-1
310,2014,981,931,113,149,1,-1,-1,-1
310,2010,1270,956,110,125,1,-1,-1,-1
310,2007,1130,951,123,131,1,-1,-1,-1
311,2028,416,775,75,238,1,-1,-1,-1
311,2025,325,844,111,234,1,-1,-1,-1
311,2010,1268,957,110,123,1,-1,-1,-1
311,2007,1128,952,122,129,1,-1,-1,-1
312,2028,418,774,74,238,1,-1,-1,-1
312,2025,329,843,110,235,1,-1,-1,-1
312,2014,976,934,114,146,1,-1,-1,-1
312,2010,1267,958,111,122,1,-1,-1,-1
312,2007,1127,953,121,127,1,-1,-1,-1
313,2030,170,772,79,250,1,-1,-1,-1
313,2028,421,772,74,238,1,-1,-1,-1
313,2025,335,843,109,235,1,-1,-1,-1
313,2014,974,938,115,143,1,-1,-1,-1
313,2010,1266,959,112,121,1,-1,-1,-1
313,2007,1126,953,119,127,1,-1,-1,-1
314,2030,172,772,78,249,1,-1,-1,-1
314,2028,422,770,74,239,1,-1,-1,-1
314,2025,339,843,108,235,1,-1,-1,-1
314,2014,972,942,116,140,1,-1,-1,-1
314,2010,1265,960,113,120,1,-1,-1,-1
314,2007,1124,955,119,126,1,-1,-1,-1
315,2030,173,775,79,250,1,-1,-1,-1
315,2028,425,768,74,238,1,-1,-1,-1
315,2025,344,843,106,235,1,-1,-1,-1
315,2010,1265,963,113,118,1,-1,-1,-1
315,2007,1123,956,119,125,1,-1,-1,-1
316,2030,175,777,77,249,1,-1,-1,-1
316,2028,428,768,73,236,1,-1,-1,-1
316,2025,347,842,106,236,1,-1,-1,-1
316,2010,1265,966,114,115,1,-1,-1,-1
316,2007,1121,958,120,123,1,-1,-1,-1
317,2030,177,778,77,250,1,-1,-1,-1
317,2028,430,768,73,235,1,-1,-1,-1
317,2025,349,842,105,236,1,-1,-1,-1
317,2010,1264,970,115,111,1,-1,-1,-1
317,2007,1120,961,121,120,1,-1,-1,-1
318,2030,178,778,77,251,1,-1,-1,-1
318,2028,431,767,73,234,1,-1,-1,-1
318,2025,352,839,105,238,1,-1,-1,-1
318,2010,1264,973,114,109,1,-1,-1,-1
319,2030,180,779,78,251,1,-1,-1,-1
319,2028,433,766,73,233,1,-1,-1,-1
319,2025,353,836,105,240,1,-1,-1,-1
320,2030,182,781,79,251,1,-1,-1,-1
320,2028,434,766,73,232,1,-1,-1,-1
320,2025,358,834,102,241,1,-1,-1,-1
320,2010,1266,980,111,103,1,-1,-1,-1
321,2030,181,780,80,252,1,-1,-1,-1
321,2028,436,766,73,231,1,-1,-1,-1
321,2025,361,831,100,243,1,-1,-1,-1
321,2010,1267,983,110,99,1,-1,-1,-1
322,2030,181,781,82,251,1,-1,-1,-1
322,2028,439,767,73,230,1,-1,-1,-1
322,2025,364,830,99,244,1,-1,-1,-1
322,2014,961,956,115,127,1,-1,-1,-1
323,2030,180,781,84,252,1,-1,-1,-1
323,2028,441,767,73,230,1,-1,-1,-1
323,2025,365,829,100,245,1,-1,-1,-1
323,2014,960,958,116,124,1,-1,-1,-1
324,2030,180,782,86,252,1,-1,-1,-1
324,2028,443,768,73,229,1,-1,-1,-1
324,2025,369,828,99,246,1,-1,-1,-1
324,2014,958,960,117,121,1,-1,-1,-1
324,2010,1271,988,107,95,1,-1,-1,-1
325,2030,181,782,86,252,1,-1,-1,-1
325,2028,446,766,72,227,1,-1,-1,-1
325,2025,372,828,98,246,1,-1,-1,-1
325,2014,957,962,117,119,1,-1,-1,-1
325,2010,1273,989,105,93,1,-1,-1,-1
326,2030,182,785,88,251,1,-1,-1,-1
326,2028,450,765,72,226,1,-1,-1,-1
326,2025,375,828,100,247,1,-1,-1,-1
326,2014,955,965,118,116,1,-1,-1,-1
327,2033,345,742,77,251,1,-1,-1,-1
327,2030,183,787,88,250,1,-1,-1,-1
327,2028,454,764,71,225,1,-1,-1,-1
327,2025,377,828,102,247,1,-1,-1,-1
328,2030,186,789,86,250,1,-1,-1,-1
328,2028,457,763,71,226,1,-1,-1,-1
328,2025,380,827,102,246,1,-1,-1,-1
328,2007,1121,981,117,103,1,-1,-1,-1
329,2033,348,743,78,249,1,-1,-1,-1
329,2030,191,790,83,251,1,-1,-1,-1
329,2028,459,762,72,225,1,-1,-1,-1
329,2025,384,825,102,247,1,-1,-1,-1
330,2035,1379,699,52,166,1,-1,-1,-1
330,2033,350,742,80,251,1,-1,-1,-1
330,2030,196,794,80,251,1,-1,-1,-1
330,2028,463,762,71,226,1,-1,-1,-1
330,2025,389,823,102,245,1,-1,-1,-1
331,2035,1381,700,52,165,1,-1,-1,-1
331,2033,353,742,80,250,1,-1,-1,-1
331,2030,195,797,79,251,1,-1,-1,-1
331,2028,465,761,70,227,1,-1,-1,-1
331,2025,393,820,100,244,1,-1,-1,-1
332,2035,1382,699,53,166,1,-1,-1,-1
332,2034,1444,672,71,193,1,-1,-1,-1
332,2033,357,743,79,248,1,-1,-1,-1
332,2030,197,799,79,251,1,-1,-1,-1
332,2028,467,760,70,227,1,-1,-1,-1
332,2025,395,819,100,243,1,-1,-1,-1
333,2033,361,743,78,248,1,-1,-1,-1
333,2030,197,801,78,252,1,-1,-1,-1
333,2028,469,759,70,227,1,-1,-1,-1
333,2025,398,818,100,243,1,-1,-1,-1
334,2033,363,743,79,246,1,-1,-1,-1
334,2030,197,802,79,254,1,-1,-1,-1
334,2028,471,758,69,228,1,-1,-1,-1
334,2025,400,817,100,242,1,-1,-1,-1
335,2035,1389,695,50,163,1,-1,-1,-1
335,2033,366,742,77,245,1,-1,-1,-1
335,2030,198,802,78,255,1,-1,-1,-1
335,2028,473,757,69,228,1,-1,-1,-1
335,2025,403,816,100,243,1,-1,-1,-1
336,2036,1132,668,70,216,1,-1,-1,-1
336,2033,368,739,80,246,1,-1,-1,-1
336,2030,197,802,79,255,1,-1,-1,-1
336,2028,475,756,68,228,1,-1,-1,-1
336,2025,406,816,100,243,1,-1,-1,-1
337,2036,1132,668,70,216,1,-1,-1,-1
337,2030,196,802,80,256,1,-1,-1,-1
337,2028,477,756,67,228,1,-1,-1,-1
337,2025,409,816,101,242,1,-1,-1,-1
338,2036,1133,668,69,215,1,-1,-1,-1
338,2030,197,802,80,256,1,-1,-1,-1
338,2025,413,816,101,241,1,-1,-1,-1
339,2030,196,801,79,256,1,-1,-1,-1
339,2025,417,815,100,241,1,-1,-1,-1
340,2036,1134,670,69,213,1,-1,-1,-1
340,2030,197,801,78,257,1,-1,-1,-1
340,2025,419,815,100,241,1,-1,-1,-1
341,2036,1136,670,67,213,1,-1,-1,-1
341,2030,199,802,77,257,1,-1,-1,-1
341,2025,421,814,100,240,1,-1,-1,-1
342,2036,1136,671,67,213,1,-1,-1,-1
342,2030,201,802,80,258,1,-1,-1,-1
342,2025,424,812,99,239,1,-1,-1,-1
343,2036,1136,671,67,213,1,-1,-1,-1
343,2030,203,806,79,258,1,-1,-1,-1
343,2025,426,811,99,237,1,-1,-1,-1
344,2036,1138,672,67,212,1,-1,-1,-1
344,2030,204,808,81,259,1,-1,-1,-1
344,2025,427,808,99,237,1,-1,-1,-1
345,2036,1139,672,66,213,1,-1,-1,-1
345,2030,207,810,82,261,1,-1,-1,-1
345,2025,429,806,99,237,1,-1,-1,-1
346,2036,1140,671,66,214,1,-1,-1,-1
346,2030,209,812,82,262,1,-1,-1,-1
346,2025,432,804,98,237,1,-1,-1,-1
347,2036,1140,672,67,213,1,-1,-1,-1
347,2030,210,814,82,262,1,-1,-1,-1
347,2025,435,804,98,237,1,-1,-1,-1
348,2036,1141,672,66,214,1,-1,-1,-1
348,2025,437,805,98,236,1,-1,-1,-1
349,2037,1597,698,90,223,1,-1,-1,-1
349,2036,1141,672,66,214,1,-1,-1,-1
349,2025,440,805,98,235,1,-1,-1,-1
350,2037,1595,698,90,223,1,-1,-1,-1
350,2036,1142,672,66,214,1,-1,-1,-1
350,2025,443,807,99,233,1,-1,-1,-1
351,2036,1142,673,67,213,1,-1,-1,-1
351,2025,445,806,99,233,1,-1,-1,-1
352,2036,1141,674,67,213,1,-1,-1,-1
352,2030,218,820,85,261,1,-1,-1,-1
352,2025,447,806,101,233,1,-1,-1,-1
353,2036,1142,674,67,214,1,-1,-1,-1
353,2030,220,821,89,260,1,-1,-1,-1
353,2025,450,805,102,233,1,-1,-1,-1
354,2036,1142,675,67,213,1,-1,-1,-1
354,2030,220,822,92,259,1,-1,-1,-1
354,2025,451,803,103,232,1,-1,-1,-1
355,2038,1660,697,62,221,1,-1,-1,-1
355,2037,1588,697,79,213,1,-1,-1,-1
355,2036,1143,675,68,214,1,-1,-1,-1
355,2030,221,822,93,258,1,-1,-1,-1
355,2025,456,801,103,230,1,-1,-1,-1
356,2038,1658,695,64,221,1,-1,-1,-1
356,2037,1586,695,76,213,1,-1,-1,-1
356,2036,1143,675,68,214,1,-1,-1,-1
356,2030,220,822,96,258,1,-1,-1,-1
356,2025,460,799,103,230,1,-1,-1,-1
357,2038,1656,693,65,220,1,-1,-1,-1
357,2037,1583,695,75,213,1,-1,-1,-1
357,2036,1143,674,68,215,1,-1,-1,-1
357,2030,220,824,97,256,1,-1,-1,-1
357,2025,465,797,102,230,1,-1,-1,-1
358,2038,1652,690,67,220,1,-1,-1,-1
358,2037,1580,694,74,214,1,-1,-1,-1
358,2036,1143,674,68,215,1,-1,-1,-1
358,2030,223,826,96,255,1,-1,-1,-1
358,2025,467,796,101,230,1,-1,-1,-1
359,2038,1649,690,69,220,1,-1,-1,-1
359,2037,1574,692,76,216,1,-1,-1,-1
359,2036,1143,674,68,216,1,-1,-1,-1
359,2030,225,827,95,254,1,-1,-1,-1
359,2025,469,795,100,230,1,-1,-1,-1
360,2038,1647,690,70,218,1,-1,-1,-1
360,2037,1567,691,78,218,1,-1,-1,-1
360,2036,1144,674,68,215,1,-1,-1,-1
360,2030,227,830,96,251,1,-1,-1,-1
360,2025,472,794,99,231,1,-1,-1,-1
361,2038,1646,690,69,217,1,-1,-1,-1
361,2037,1561,689,82,220,1,-1,-1,-1
361,2036,1144,674,68,215,1,-1,-1,-1
361,2025,475,794,98,231,1,-1,-1,-1
362,2038,1643,690,70,216,1,-1,-1,-1
362,2037,1558,689,83,221,1,-1,-1,-1
362,2025,478,794,97,231,1,-1,-1,-1
363,2039,1208,693,85,199,1,-1,-1,-1
363,2038,1639,689,71,217,1,-1,-1,-1
363,2037,1556,689,84,221,1,-1,-1,-1
363,2025,480,794,96,231,1,-1,-1,-1
364,2039,1207,694,85,196,1,-1,-1,-1
364,2038,1633,689,75,217,1,-1,-1,-1
364,2037,1556,688,82,220,1,-1,-1,-1
364,2030,225,836,97,247,1,-1,-1,-1
364,2025,483,793,95,230,1,-1,-1,-1
365,2039,1208,697,82,194,1,-1,-1,-1
365,2038,1630,689,76,218,1,-1,-1,-1
365,2037,1554,689,82,219,1,-1,-1,-1
365,2025,484,793,94,229,1,-1,-1,-1
366,2038,1628,689,76,218,1,-1,-1,-1
366,2037,1551,689,82,219,1,-1,-1,-1
366,2025,485,791,94,229,1,-1,-1,-1
367,2039,1210,699,79,193,1,-1,-1,-1
367,2038,1628,689,75,217,1,-1,-1,-1
367,2025,487,789,94,228,1,-1,-1,-1
368,2040,445,721,74,240,1,-1,-1,-1
368,2038,1627,690,75,216,1,-1,-1,-1
368,2030,224,840,99,242,1,-1,-1,-1
368,2025,490,789,93,226,1,-1,-1,-1
369,2040,446,720,75,236,1,-1,-1,-1
369,2038,1627,689,74,217,1,-1,-1,-1
369,2037,1546,689,81,216,1,-1,-1,-1
369,2030,224,842,101,239,1,-1,-1,-1
369,2025,491,788,94,225,1,-1,-1,-1
370,2040,447,717,76,235,1,-1,-1,-1
370,2038,1626,688,73,216,1,-1,-1,-1
370,2030,224,842,103,238,1,-1,-1,-1
370,2025,494,787,93,224,1,-1,-1,-1
371,2040,447,716,76,232,1,-1,-1,-1
371,2039,1214,698,77,193,1,-1,-1,-1
371,2038,1624,686,73,214,1,-1,-1,-1
371,2030,223,843,105,237,1,-1,-1,-1
371,2025,495,784,93,225,1,-1,-1,-1
372,2039,1215,696,75,194,1,-1,-1,-1
372,2038,1623,685,72,212,1,-1,-1,-1
372,2037,1542,685,83,217,1,-1,-1,-1
372,2030,224,845,107,236,1,-1,-1,-1
372,2025,497,784,93,225,1,-1,-1,-1
373,2041,1763,717,127,226,1,-1,-1,-1
373,2040,453,713,76,232,1,-1,-1,-1
373,2039,1216,696,74,194,1,-1,-1,-1
373,2038,1623,684,70,211,1,-1,-1,-1
373,2037,1541,685,83,217,1,-1,-1,-1
373,2030,222,847,109,234,1,-1,-1,-1
373,2025,499,782,92,226,1,-1,-1,-1
374,2040,455,714,76,231,1,-1,-1,-1
374,2038,1621,684,72,211,1,-1,-1,-1
374,2037,1540,685,82,217,1,-1,-1,-1
374,2030,222,850,111,232,1,-1,-1,-1
374,2025,501,782,91,226,1,-1,-1,-1
375,2042,1066,605,54,188,1,-1,-1,-1
375,2041,1760,718,121,222,1,-1,-1,-1
375,2040,456,714,76,231,1,-1,-1,-1
375,2038,1618,685,72,211,1,-1,-1,-1
375,2037,1540,685,82,217,1,-1,-1,-1
375,2030,223,853,111,229,1,-1,-1,-1
375,2025,504,781,90,227,1,-1,-1,-1
376,2040,458,714,76,231,1,-1,-1,-1
376,2038,1617,683,72,212,1,-1,-1,-1
376,2037,1539,683,82,218,1,-1,-1,-1
376,2030,221,856,113,226,1,-1,-1,-1
376,2025,506,780,90,227,1,-1,-1,-1
377,2041,1757,720,103,207,1,-1,-1,-1
377,2040,459,714,77,230,1,-1,-1,-1
377,2038,1616,682,72,212,1,-1,-1,-1
377,2037,1541,682,80,219,1,-1,-1,-1
377,2030,221,860,114,222,1,-1,-1,-1
377,2025,508,777,91,228,1,-1,-1,-1
378,2041,1752,719,94,205,1,-1,-1,-1
378,2040,462,714,75,229,1,-1,-1,-1
378,2038,1615,682,72,212,1,-1,-1,-1
378,2037,1541,680,80,219,1,-1,-1,-1
378,2030,221,861,114,221,1,-1,-1,-1
378,2025,508,772,93,230,1,-1,-1,-1
379,2043,1813,727,89,200,1,-1,-1,-1
379,2041,1752,721,82,200,1,-1,-1,-1
379,2040,463,714,75,229,1,-1,-1,-1
379,2038,1613,681,72,212,1,-1,-1,-1
379,2037,1541,678,79,220,1,-1,-1,-1
379,2030,221,861,114,220,1,-1,-1,-1
379,2025,510,771,93,227,1,-1,-1,-1
380,2040,464,715,75,228,1,-1,-1,-1
380,2039,1223,700,68,191,1,-1,-1,-1
380,2038,1612,681,73,212,1,-1,-1,-1
380,2037,1542,677,77,219,1,-1,-1,-1
380,2030,221,862,114,219,1,-1,-1,-1
380,2025,514,770,93,226,1,-1,-1,-1
381,2040,464,714,76,229,1,-1,-1,-1
381,2038,1612,683,72,211,1,-1,-1,-1
381,2037,1542,676,76,219,1,-1,-1,-1
381,2030,222,863,113,217,1,-1,-1,-1
381,2025,517,769,93,226,1,-1,-1,-1
382,2040,465,712,76,229,1,-1,-1,-1
382,2037,1542,676,75,217,1,-1,-1,-1
382,2030,222,863,113,217,1,-1,-1,-1
382,2025,520,766,92,226,1,-1,-1,-1
383,2041,1727,721,76,196,1,-1,-1,-1
383,2040,465,709,77,230,1,-1,-1,-1
383,2038,1610,679,73,213,1,-1,-1,-1
383,2037,1543,676,73,216,1,-1,-1,-1
383,2030,224,863,112,217,1,-1,-1,-1
383,2025,522,764,91,226,1,-1,-1,-1
384,2041,1717,716,80,207,1,-1,-1,-1
384,2040,466,707,77,230,1,-1,-1,-1
384,2038,1610,678,73,216,1,-1,-1,-1
384,2037,1542,674,73,217,1,-1,-1,-1
384,2030,222,863,112,217,1,-1,-1,-1
384,2025,524,763,91,225,1,-1,-1,-1
385,2041,1710,714,83,211,1,-1,-1,-1
385,2040,468,707,76,227,1,-1,-1,-1
385,2037,1541,674,73,216,1,-1,-1,-1
385,2030,221,863,110,217,1,-1,-1,-1
385,2025,527,764,89,225,1,-1,-1,-1
386,2041,1705,712,86,215,1,-1,-1,-1
386,2040,469,704,76,228,1,-1,-1,-1
386,2039,1223,696,70,196,1,-1,-1,-1
386,2038,1604,676,73,216,1,-1,-1,-1
386,2037,1539,674,73,217,1,-1,-1,-1
386,2030,221,865,109,216,1,-1,-1,-1
386,2025,528,765,90,223,1,-1,-1,-1
387,2044,1158,673,69,216,1,-1,-1,-1
387,2041,1701,709,88,218,1,-1,-1,-1
387,2040,470,702,77,229,1,-1,-1,-1
387,2039,1225,691,70,202,1,-1,-1,-1
387,2038,1602,674,73,212,1,-1,-1,-1
387,2037,1538,675,72,216,1,-1,-1,-1
387,2030,221,869,107,213,1,-1,-1,-1
387,2025,531,767,89,220,1,-1,-1,-1
388,2044,1158,672,71,219,1,-1,-1,-1
388,2041,1698,708,88,218,1,-1,-1,-1
388,2040,473,701,76,228,1,-1,-1,-1
388,2039,1227,686,70,206,1,-1,-1,-1
388,2038,1602,672,73,210,1,-1,-1,-1
388,2037,1537,675,72,216,1,-1,-1,-1
388,2025,533,768,89,220,1,-1,-1,-1
389,2041,1695,708,85,216,1,-1,-1,-1
389,2040,475,699,75,229,1,-1,-1,-1
389,2039,1227,685,71,208,1,-1,-1,-1
389,2037,1536,674,72,216,1,-1,-1,-1
389,2025,535,768,88,219,1,-1,-1,-1
390,2040,476,699,76,228,1,-1,-1,-1
390,2039,1228,687,70,207,1,-1,-1,-1
390,2025,537,766,87,220,1,-1,-1,-1
391,2046,324,737,64,204,1,-1,-1,-1
391,2041,1682,705,80,212,1,-1,-1,-1
391,2040,477,699,76,227,1,-1,-1,-1
391,2030,214,879,104,205,1,-1,-1,-1
391,2025,537,762,88,218,1,-1,-1,-1
392,2045,1762,716,91,200,1,-1,-1,-1
392,2040,478,699,76,227,1,-1,-1,-1
392,2037,1531,670,72,214,1,-1,-1,-1
392,2030,215,881,101,201,1,-1,-1,-1
392,2025,539,757,87,219,1,-1,-1,-1
393,2046,328,733,67,205,1,-1,-1,-1
393,2040,480,700,76,226,1,-1,-1,-1
393,2030,216,883,98,199,1,-1,-1,-1
393,2025,540,754,88,219,1,-1,-1,-1
394,2047,1009,610,62,190,1,-1,-1,-1
394,2046,329,732,68,206,1,-1,-1,-1
394,2040,482,701,76,225,1,-1,-1,-1
394,2037,1530,667,73,213,1,-1,-1,-1
394,2030,217,883,95,198,1,-1,-1,-1
394,2025,542,754,88,219,1,-1,-1,-1
395,2046,331,731,68,207,1,-1,-1,-1
395,2041,1663,699,76,210,1,-1,-1,-1
395,2040,485,700,74,225,1,-1,-1,-1
395,2030,217,884,94,196,1,-1,-1,-1
395,2025,543,753,89,220,1,-1,-1,-1
396,2047,1015,611,62,190,1,-1,-1,-1
396,2041,1652,695,81,216,1,-1,-1,-1
396,2040,488,699,73,225,1,-1,-1,-1
396,2030,216,883,93,196,1,-1,-1,-1
396,2025,544,752,89,221,1,-1,-1,-1
397,2047,1017,612,61,189,1,-1,-1,-1
397,2041,1643,693,87,220,1,-1,-1,-1
397,2040,488,698,73,225,1,-1,-1,-1
397,2030,214,884,92,195,1,-1,-1,-1
397,2025,545,752,89,221,1,-1,-1,-1
398,2047,1018,613,62,189,1,-1,-1,-1
398,2041,1638,692,91,221,1,-1,-1,-1
398,2040,491,697,73,225,1,-1,-1,-1
398,2030,214,884,91,195,1,-1,-1,-1
398,2025,546,752,90,221,1,-1,-1,-1
399,2047,1019,612,62,189,1,-1,-1,-1
399,2041,1632,693,97,222,1,-1,-1,-1
399,2040,493,696,72,224,1,-1,-1,-1
399,2030,213,886,92,193,1,-1,-1,-1
399,2025,546,752,91,221,1,-1,-1,-1
400,2047,1021,613,63,190,1,-1,-1,-1
400,2041,1630,693,98,222,1,-1,-1,-1
400,2040,495,694,72,223,1,-1,-1,-1
400,2030,214,888,91,192,1,-1,-1,-1
400,2025,547,751,92,222,1,-1,-1,-1
401,2041,1627,692,99,221,1,-1,-1,-1
401,2040,497,693,72,221,1,-1,-1,-1
401,2030,213,890,92,190,1,-1,-1,-1
401,2025,549,750,92,222,1,-1,-1,-1
402,2045,1707,708,89,200,1,-1,-1,-1
402,2040,501,691,71,221,1,-1,-1,-1
402,2030,212,893,94,188,1,-1,-1,-1
402,2025,552,750,92,222,1,-1,-1,-1
403,2040,502,691,71,220,1,-1,-1,-1
403,2030,212,895,93,186,1,-1,-1,-1
403,2025,554,748,93,222,1,-1,-1,-1
404,2045,1706,704,82,193,1,-1,-1,-1
404,2040,503,691,71,220,1,-1,-1,-1
404,2030,208,897,95,184,1,-1,-1,-1
404,2025,557,746,92,220,1,-1,-1,-1
405,2040,504,690,71,220,1,-1,-1,-1
405,2030,203,897,97,183,1,-1,-1,-1
405,2025,560,744,91,219,1,-1,-1,-1
406,2040,505,690,72,221,1,-1,-1,-1
406,2030,203,900,98,181,1,-1,-1,-1
406,2025,564,743,90,218,1,-1,-1,-1
407,2040,507,690,72,222,1,-1,-1,-1
407,2030,198,902,101,179,1,-1,-1,-1
407,2025,567,743,89,217,1,-1,-1,-1
408,2040,506,690,74,222,1,-1,-1,-1
408,2030,195,903,101,178,1,-1,-1,-1
408,2025,569,742,89,217,1,-1,-1,-1
409,2041,1599,687,83,214,1,-1,-1,-1
409,2040,505,691,77,223,1,-1,-1,-1
409,2030,189,905,103,175,1,-1,-1,-1
409,2025,572,743,87,218,1,-1,-1,-1
410,2040,504,690,78,224,1,-1,-1,-1
410,2030,186,905,103,175,1,-1,-1,-1
410,2025,573,744,87,217,1,-1,-1,-1
411,2040,504,691,79,223,1,-1,-1,-1
411,2030,180,906,103,174,1,-1,-1,-1
411,2025,574,745,86,215,1,-1,-1,-1
412,2030,174,907,100,173,1,-1,-1,-1
412,2025,571,744,87,215,1,-1,-1,-1
413,2030,164,908,99,172,1,-1,-1,-1
413,2025,566,742,88,215,1,-1,-1,-1
414,2030,160,909,97,171,1,-1,-1,-1
414,2025,566,740,88,215,1,-1,-1,-1
415,2030,160,910,94,170,1,-1,-1,-1
415,2025,569,740,88,214,1,-1,-1,-1
416,2030,160,913,92,167,1,-1,-1,-1
416,2025,574,739,88,214,1,-1,-1,-1
417,2025,579,739,88,213,1,-1,-1,-1
418,2025,581,739,89,212,1,-1,-1,-1
419,2025,585,740,88,212,1,-1,-1,-1
420,2030,150,926,90,158,1,-1,-1,-1
420,2025,590,740,87,212,1,-1,-1,-1
421,2030,139,929,93,153,1,-1,-1,-1
421,2025,591,739,87,212,1,-1,-1,-1
422,2025,593,741,87,210,1,-1,-1,-1
423,2040,518,690,85,222,1,-1,-1,-1
423,2030,124,935,96,148,1,-1,-1,-1
423,2025,596,742,86,211,1,-1,-1,-1
424,2040,518,692,85,220,1,-1,-1,-1
424,2030,120,938,96,144,1,-1,-1,-1
424,2025,598,745,86,211,1,-1,-1,-1
425,2040,518,694,84,220,1,-1,-1,-1
425,2030,117,941,95,141,1,-1,-1,-1
425,2025,600,748,86,210,1,-1,-1,-1
426,2025,603,749,87,210,1,-1,-1,-1
427,2040,523,697,84,218,1,-1,-1,-1
427,2025,607,749,88,210,1,-1,-1,-1
428,2040,529,696,85,219,1,-1,-1,-1
428,2025,612,748,87,209,1,-1,-1,-1
429,2040,532,696,84,219,1,-1,-1,-1
429,2025,615,747,87,207,1,-1,-1,-1
